0,184,0,184,0.000000
100,2496,1600,896,0.641026
200,4944,3200,1744,0.647249
300,9024,4800,4224,0.531915
400,10112,6400,3712,0.632911
500,17728,8000,9728,0.451264
600,18544,9600,8944,0.517688
700,19360,11200,8160,0.578512
800,20312,12800,7512,0.630169
900,35272,14400,20872,0.408256
1000,35680,16000,19680,0.448430
1100,35680,17600,18080,0.493274
1200,36632,19200,17432,0.524132
1300,37584,20800,16784,0.553427
1400,39216,22400,16816,0.571195
1500,39624,24000,15624,0.605694
1600,41120,25600,15520,0.622568
1700,69816,27200,42616,0.389596
1800,70496,28800,41696,0.408534
1900,71040,30400,40640,0.427928
2000,71040,32000,39040,0.450450
2100,71312,33600,37712,0.471169
2200,71720,35200,36520,0.490798
2300,72808,36800,36008,0.505439
2400,73624,38400,35224,0.521569
2500,73488,40000,33488,0.544307
2600,74984,41600,33384,0.554785
2700,76208,43200,33008,0.566870
2800,76480,44800,31680,0.585774
2900,78928,46400,32528,0.587878
3000,76616,48000,28616,0.626501
3100,80832,49600,31232,0.613618
3200,82328,51200,31128,0.621903
3300,82464,52800,29664,0.640279
3400,139856,54400,85456,0.388972
3500,140264,56000,84264,0.399247
3600,140128,57600,82528,0.411053
3700,142168,59200,82968,0.416409
3800,141488,60800,80688,0.429718
3900,142576,62400,80176,0.437661
4000,141352,64000,77352,0.452770
4100,141624,65600,76024,0.463198
4200,142576,67200,75376,0.471328
4300,143800,68800,75000,0.478442
4400,143256,70400,72856,0.491428
4500,143800,72000,71800,0.500695
4600,145024,73600,71424,0.507502
4700,145296,75200,70096,0.517564
4800,146928,76800,70128,0.522705
4900,146520,78400,68120,0.535081
5000,147744,80000,67744,0.541477
5100,148696,81600,67096,0.548771
5200,150328,83200,67128,0.553456
5300,151280,84800,66480,0.560550
5400,151144,86400,64744,0.571640
5500,152232,88000,64232,0.578065
5600,151824,89600,62224,0.590157
5700,154136,91200,62936,0.591685
5800,155904,92800,63104,0.595238
5900,156584,94400,62184,0.602871
6000,159576,96000,63576,0.601594
6100,160936,97600,63336,0.606452
6200,162432,99200,63232,0.610717
6300,161888,100800,61088,0.622653
6400,161616,102400,59216,0.633601
6500,166648,104000,62648,0.624070
6600,167736,105600,62136,0.629561
6700,278712,107200,171512,0.384626
6800,278848,108800,170048,0.390177
6900,279800,110400,169400,0.394568
7000,280344,112000,168344,0.399509
7100,280344,113600,166744,0.405216
7200,280072,115200,164872,0.411323
7300,281024,116800,164224,0.415623
7400,282656,118400,164256,0.418884
7500,281704,120000,161704,0.425979
7600,282384,121600,160784,0.430619
7700,282928,123200,159728,0.435446
7800,283336,124800,158536,0.440466
7900,281840,126400,155440,0.448481
8000,284424,128000,156424,0.450032
8100,285240,129600,155640,0.454354
8200,285104,131200,153904,0.460183
8300,286192,132800,153392,0.464024
8400,284696,134400,150296,0.472083
8500,286328,136000,150328,0.474980
8600,286056,137600,148456,0.481025
8700,286872,139200,147672,0.485234
8800,286600,140800,145800,0.491277
8900,287008,142400,144608,0.496153
9000,289184,144000,145184,0.497953
9100,288096,145600,142496,0.505387
9200,289320,147200,142120,0.508779
9300,291088,148800,142288,0.511186
9400,290544,150400,140144,0.517650
9500,291088,152000,139088,0.522179
9600,292856,153600,139256,0.524490
9700,293128,155200,137928,0.529462
9800,293264,156800,136464,0.534672
9900,294216,158400,135816,0.538380
10000,294760,160000,134760,0.542814
10100,295712,161600,134112,0.546478
10200,296392,163200,133192,0.550622
10300,297752,164800,132952,0.553481
10400,297888,166400,131488,0.558599
10500,297752,168000,129752,0.564228
10600,301832,169600,132232,0.561902
10700,306048,171200,134848,0.559389
10800,304280,172800,131480,0.567898
10900,304824,174400,130424,0.572133
11000,306320,176000,130320,0.574563
11100,306728,177600,129128,0.579015
11200,308224,179200,129024,0.581395
11300,308088,180800,127288,0.586845
11400,310400,182400,128000,0.587629
11500,309176,184000,125176,0.595130
11600,312440,185600,126840,0.594034
11700,313256,187200,126056,0.597594
11800,313936,188800,125136,0.601396
11900,317064,190400,126664,0.600510
12000,317064,192000,125064,0.605556
12100,318288,193600,124688,0.608254
12200,321416,195200,126216,0.607313
12300,324136,196800,127336,0.607153
12400,323728,198400,125328,0.612860
12500,323048,200000,123048,0.619103
12600,325224,201600,123624,0.619880
12700,326992,203200,123792,0.621422
12800,327808,204800,123008,0.624756
12900,328760,206400,122360,0.627814
13000,331888,208000,123888,0.626717
13100,335016,209600,125416,0.625642
13200,333520,211200,122320,0.633245
13300,335968,212800,123168,0.633394
13400,557240,214400,342840,0.384753
13500,558192,216000,342192,0.386964
13600,558464,217600,340864,0.389640
13700,559008,219200,339808,0.392123
13800,559960,220800,339160,0.394314
13900,559008,222400,336608,0.397848
14000,560368,224000,336368,0.399737
14100,560776,225600,335176,0.402300
14200,560504,227200,333304,0.405349
14300,560912,228800,332112,0.407907
14400,560912,230400,330512,0.410760
14500,563088,232000,331088,0.412014
14600,563224,233600,329624,0.414755
14700,563768,235200,328568,0.417193
14800,564040,236800,327240,0.419828
14900,564992,238400,326592,0.421953
15000,564992,240000,324992,0.424785
15100,563496,241600,321896,0.428752
15200,564040,243200,320840,0.431175
15300,565536,244800,320736,0.432864
15400,566080,246400,319680,0.435274
15500,566488,248000,318488,0.437785
15600,566216,249600,316616,0.440821
15700,566080,251200,314880,0.443754
15800,566624,252800,313824,0.446151
15900,567576,254400,313176,0.448222
16000,567712,256000,311712,0.450933
16100,565944,257600,308344,0.455169
16200,568664,259200,309464,0.455805
16300,568120,260800,307320,0.459058
16400,569888,262400,307488,0.460441
16500,569888,264000,305888,0.463249
16600,569480,265600,303880,0.466390
16700,573968,267200,306768,0.465531
16800,572336,268800,303536,0.469654
16900,572336,270400,301936,0.472450
17000,572336,272000,300336,0.475245
17100,573288,273600,299688,0.477247
17200,571928,275200,296728,0.481179
17300,573152,276800,296352,0.482943
17400,573288,278400,294888,0.485620
17500,576008,280000,296008,0.486104
17600,575736,281600,294136,0.489113
17700,571656,283200,288456,0.495403
17800,577232,284800,292432,0.493389
17900,577504,286400,291104,0.495927
18000,576688,288000,288688,0.499403
18100,578728,289600,289128,0.500408
18200,578048,291200,286848,0.503764
18300,577504,292800,284704,0.507009
18400,582128,294400,287728,0.505731
18500,576688,296000,280688,0.513276
18600,580904,297600,283304,0.512305
18700,583080,299200,283880,0.513137
18800,580360,300800,279560,0.518299
18900,582944,302400,280544,0.518746
19000,581992,304000,277992,0.522344
19100,583624,305600,278024,0.523625
19200,583352,307200,276152,0.526612
19300,585664,308800,276864,0.527265
19400,585528,310400,275128,0.530120
19500,586480,312000,274480,0.531987
19600,586208,313600,272608,0.534964
19700,589200,315200,274000,0.534963
19800,587024,316800,270224,0.539671
19900,588656,318400,270256,0.540893
20000,592464,320000,272464,0.540117
20100,592600,321600,271000,0.542693
20200,590832,323200,267632,0.547025
20300,594232,324800,269432,0.546588
20400,590560,326400,264160,0.552696
20500,597632,328000,269632,0.548833
20600,596544,329600,266944,0.552516
20700,598720,331200,267520,0.553180
20800,598856,332800,266056,0.555726
20900,598040,334400,263640,0.559160
21000,598312,336000,262312,0.561580
21100,598992,337600,261392,0.563614
21200,603888,339200,264688,0.561694
21300,597904,340800,257104,0.569991
21400,599400,342400,257000,0.571238
21500,605520,344000,261520,0.568107
21600,605792,345600,260192,0.570493
21700,608240,347200,261040,0.570827
21800,608376,348800,259576,0.573330
21900,610824,350400,260424,0.573651
22000,609192,352000,257192,0.577815
22100,612456,353600,258856,0.577348
22200,611232,355200,256032,0.581121
22300,613408,356800,256608,0.581668
22400,613680,358400,255280,0.584018
22500,617488,360000,257488,0.583007
22600,618168,361600,256568,0.584954
22700,615992,363200,252792,0.589618
22800,618848,364800,254048,0.589482
22900,621976,366400,255576,0.589090
23000,622248,368000,254248,0.591404
23100,623880,369600,254280,0.592422
23200,624560,371200,253360,0.594338
23300,626464,372800,253664,0.595086
23400,626872,374400,252472,0.597251
23500,625648,376000,249648,0.600977
23600,626736,377600,249136,0.602487
23700,627280,379200,248080,0.604515
23800,632992,380800,252192,0.601587
23900,633808,382400,251408,0.603337
24000,636936,384000,252936,0.602886
24100,634760,385600,249160,0.607474
24200,633944,387200,246744,0.610780
24300,642104,388800,253304,0.605509
24400,641424,390400,251024,0.608646
24500,642920,392000,250920,0.609718
24600,639656,393600,246056,0.615331
24700,645776,395200,250576,0.611977
24800,647136,396800,250336,0.613163
24900,644008,398400,245608,0.618626
25000,652304,400000,252304,0.613211
25100,650808,401600,249208,0.617079
25200,650128,403200,246928,0.620186
25300,654344,404800,249544,0.618635
25400,652168,406400,245768,0.623152
25500,652848,408000,244848,0.624954
25600,657608,409600,248008,0.622863
25700,659240,411200,248040,0.623749
25800,660464,412800,247664,0.625015
25900,660736,414400,246336,0.627179
26000,659784,416000,243784,0.630509
26100,662368,417600,244768,0.630465
26200,668488,419200,249288,0.627087
26300,670120,420800,249320,0.627947
26400,671616,422400,249216,0.628931
26500,664544,424000,240544,0.638031
26600,673928,425600,248328,0.631521
26700,1114296,427200,687096,0.383381
26800,1115112,428800,686312,0.384535
26900,1115928,430400,685528,0.385688
27000,1115248,432000,683248,0.387358
27100,1116608,433600,683008,0.388319
27200,1115928,435200,680728,0.389989
27300,1117968,436800,681168,0.390709
27400,1117424,438400,679024,0.392331
27500,1117968,440000,677968,0.393571
27600,1118512,441600,676912,0.394810
27700,1119192,443200,675992,0.396000
27800,1119736,444800,674936,0.397236
27900,1121504,446400,675104,0.398037
28000,1119600,448000,671600,0.400143
28100,1122320,449600,672720,0.400599
28200,1121912,451200,670712,0.402171
28300,1121232,452800,668432,0.403841
28400,1121912,454400,667512,0.405023
28500,1122728,456000,666728,0.406154
28600,1124768,457600,667168,0.406839
28700,1123272,459200,664072,0.408806
28800,1123272,460800,662472,0.410230
28900,1123136,462400,660736,0.411704
29000,1124496,464000,660496,0.412629
29100,1126672,465600,661072,0.413252
29200,1125176,467200,657976,0.415224
29300,1126536,468800,657736,0.416143
29400,1128712,470400,658312,0.416758
29500,1125448,472000,653448,0.419389
29600,1126400,473600,652800,0.420455
29700,1126264,475200,651064,0.421926
29800,1127760,476800,650960,0.422785
29900,1127488,478400,649088,0.424306
30000,1127760,480000,647760,0.425622
30100,1128712,481600,647112,0.426681
30200,1128168,483200,644968,0.428305
30300,1129800,484800,645000,0.429102
30400,1131160,486400,644760,0.430001
30500,1130752,488000,642752,0.431571
30600,1131976,489600,642376,0.432518
30700,1129800,491200,638600,0.434767
30800,1133200,492800,640400,0.434875
30900,1132248,494400,637848,0.436653
31000,1133880,496000,637880,0.437436
31100,1134560,497600,636960,0.438584
31200,1131976,499200,632776,0.440999
31300,1131296,500800,630496,0.442678
31400,1134424,502400,632024,0.442868
31500,1134424,504000,630424,0.444278
31600,1136056,505600,630456,0.445048
31700,1133064,507200,625864,0.447636
31800,1134696,508800,625896,0.448402
31900,1132792,510400,622392,0.450568
32000,1133744,512000,621744,0.451601
32100,1135376,513600,621776,0.452361
32200,1137144,515200,621944,0.453065
32300,1137008,516800,620208,0.454526
32400,1134696,518400,616296,0.456862
32500,1137144,520000,617144,0.457286
32600,1139592,521600,617992,0.457708
32700,1140000,523200,616800,0.458947
32800,1137280,524800,612480,0.461452
32900,1137416,526400,611016,0.462803
33000,1139184,528000,611184,0.463490
33100,1142040,529600,612440,0.463732
33200,1140272,531200,609072,0.465854
33300,1140952,532800,608152,0.466978
33400,1139320,534400,604920,0.469052
33500,1142584,536000,606584,0.469112
33600,1140544,537600,602944,0.471354
33700,1143128,539200,603928,0.471688
33800,1143400,540800,602600,0.472975
33900,1140680,542400,598280,0.475506
34000,1141768,544000,597768,0.476454
34100,1142856,545600,597256,0.477400
34200,1146664,547200,599464,0.477210
34300,1144352,548800,595552,0.479573
34400,1143672,550400,593272,0.481257
34500,1143944,552000,591944,0.482541
34600,1147888,553600,594288,0.482277
34700,1146664,555200,591464,0.484187
34800,1146120,556800,589320,0.485813
34900,1148024,558400,589624,0.486401
35000,1146800,560000,586800,0.488315
35100,1150880,561600,589280,0.487974
35200,1153056,563200,589856,0.488441
35300,1152240,564800,587440,0.490176
35400,1152920,566400,586520,0.491274
35500,1149792,568000,581792,0.494002
35600,1148840,569600,579240,0.495804
35700,1150336,571200,579136,0.496551
35800,1152376,572800,579576,0.497060
35900,1150200,574400,575800,0.499391
36000,1151424,576000,575424,0.500250
36100,1151696,577600,574096,0.501521
36200,1160264,579200,581064,0.499197
36300,1156320,580800,575520,0.502283
36400,1155504,582400,573104,0.504022
36500,1158904,584000,574904,0.503924
36600,1159312,585600,573712,0.505127
36700,1158496,587200,571296,0.506864
36800,1155504,588800,566704,0.509561
36900,1159176,590400,568776,0.509327
37000,1163392,592000,571392,0.508857
37100,1159584,593600,565984,0.511908
37200,1157408,595200,562208,0.514253
37300,1160536,596800,563736,0.514245
37400,1161488,598400,563088,0.515201
37500,1160128,600000,560128,0.517184
37600,1159448,601600,557848,0.518868
37700,1167472,603200,564272,0.516672
37800,1163528,604800,558728,0.519798
37900,1162168,606400,555768,0.521783
38000,1164752,608000,556752,0.522000
38100,1168152,609600,558552,0.521850
38200,1165840,611200,554640,0.524257
38300,1168832,612800,556032,0.524284
38400,1173320,614400,558920,0.523642
38500,1169784,616000,553784,0.526593
38600,1171416,617600,553816,0.527225
38700,1169376,619200,550176,0.529513
38800,1174816,620800,554016,0.528423
38900,1175496,622400,553096,0.529479
39000,1176176,624000,552176,0.530533
39100,1173728,625600,548128,0.533003
39200,1178352,627200,551152,0.532269
39300,1177536,628800,548736,0.533996
39400,1182432,630400,552032,0.533138
39500,1175360,632000,543360,0.537708
39600,1178760,633600,545160,0.537514
39700,1179984,635200,544784,0.538312
39800,1176040,636800,539240,0.541478
39900,1180528,638400,542128,0.540775
40000,1183928,640000,543928,0.540573
40100,1180392,641600,538792,0.543548
40200,1180664,643200,537464,0.544778
40300,1185152,644800,540352,0.544065
40400,1186376,646400,539976,0.544853
40500,1185016,648000,537016,0.546828
40600,1185832,649600,536232,0.547801
40700,1189776,651200,538576,0.547330
40800,1185832,652800,533032,0.550500
40900,1192768,654400,538368,0.548640
41000,1188416,656000,532416,0.551995
41100,1191408,657600,533808,0.551952
41200,1191816,659200,532616,0.553106
41300,1193584,660800,532784,0.553627
41400,1196576,662400,534176,0.553580
41500,1193040,664000,529040,0.556561
41600,1192904,665600,527304,0.557966
41700,1194128,667200,526928,0.558734
41800,1196576,668800,527776,0.558928
41900,1201064,670400,530664,0.558172
42000,1194944,672000,522944,0.562369
42100,1202288,673600,528688,0.560265
42200,1201200,675200,526000,0.562105
42300,1198752,676800,521952,0.564587
42400,1202696,678400,524296,0.564066
42500,1200656,680000,520656,0.566357
42600,1202152,681600,520552,0.566983
42700,1208408,683200,525208,0.565372
42800,1205552,684800,520752,0.568039
42900,1210312,686400,523912,0.567126
43000,1206096,688000,518096,0.570436
43100,1216024,689600,526424,0.567094
43200,1212352,691200,521152,0.570131
43300,1212080,692800,519280,0.571579
43400,1210720,694400,516320,0.573543
43500,1214664,696000,518664,0.572998
43600,1216296,697600,518696,0.573545
43700,1219152,699200,519952,0.573513
43800,1216568,700800,515768,0.576047
43900,1220376,702400,517976,0.575560
44000,1218744,704000,514744,0.577644
44100,1220648,705600,515048,0.578054
44200,1222416,707200,515216,0.578526
44300,1224864,708800,516064,0.578676
44400,1222824,710400,512424,0.580950
44500,1227176,712000,515176,0.580194
44600,1221872,713600,508272,0.584022
44700,1224320,715200,509120,0.584161
44800,1232480,716800,515680,0.581592
44900,1231528,718400,513128,0.583340
45000,1231936,720000,511936,0.584446
45100,1231256,721600,509656,0.586068
45200,1236560,723200,513360,0.584848
45300,1233976,724800,509176,0.587370
45400,1232888,726400,506488,0.589186
45500,1237784,728000,509784,0.588148
45600,1242544,729600,512944,0.587182
45700,1238464,731200,507264,0.590409
45800,1243224,732800,510424,0.589435
45900,1238464,734400,504064,0.592993
46000,1242000,736000,506000,0.592593
46100,1248664,737600,511064,0.590711
46200,1240504,739200,501304,0.595887
46300,1247848,740800,507048,0.593662
46400,1240504,742400,498104,0.598466
46500,1245264,744000,501264,0.597464
46600,1252744,745600,507144,0.595173
46700,1252744,747200,505544,0.596451
46800,1250024,748800,501224,0.599028
46900,1253288,750400,502888,0.598745
47000,1249480,752000,497480,0.601850
47100,1251656,753600,498056,0.602082
47200,1250976,755200,495776,0.603689
47300,1256688,756800,499888,0.602218
47400,1258320,758400,499920,0.602708
47500,1258320,760000,498320,0.603980
47600,1266208,761600,504608,0.601481
47700,1263488,763200,500288,0.604042
47800,1262944,764800,498144,0.605569
47900,1270288,766400,503888,0.603328
48000,1271104,768000,503104,0.604199
48100,1273416,769600,503816,0.604359
48200,1268248,771200,497048,0.608083
48300,1273824,772800,501024,0.606677
48400,1271784,774400,497384,0.608908
48500,1277496,776000,501496,0.607438
48600,1280896,777600,503296,0.607075
48700,1279128,779200,499928,0.609165
48800,1281848,780800,501048,0.609121
48900,1282936,782400,500536,0.609851
49000,1286200,784000,502200,0.609548
49100,1282800,785600,497200,0.612410
49200,1284160,787200,496960,0.613008
49300,1293408,788800,504608,0.609862
49400,1289872,790400,499472,0.612774
49500,1289328,792000,497328,0.614273
49600,1290008,793600,496408,0.615190
49700,1287696,795200,492496,0.617537
49800,1292456,796800,495656,0.616501
49900,1302520,798400,504120,0.612966
50000,1291640,800000,491640,0.619368
50100,1298304,801600,496704,0.617421
50200,1301704,803200,498504,0.617037
50300,1304016,804800,499216,0.617170
50400,1300208,806400,493808,0.620208
50500,1298712,808000,490712,0.622155
50600,1305376,809600,495776,0.620204
50700,1308776,811200,497576,0.619816
50800,1310680,812800,497880,0.620136
50900,1306736,814400,492336,0.623232
51000,1310272,816000,494272,0.622771
51100,1309728,817600,492128,0.624252
51200,1313128,819200,493928,0.623854
51300,1321832,820800,501032,0.620956
51400,1311632,822400,489232,0.627005
51500,1325640,824000,501640,0.621587
51600,1319928,825600,494328,0.625489
51700,1322920,827200,495720,0.625283
51800,1323464,828800,494664,0.626235
51900,1330400,830400,500000,0.624173
52000,1327272,832000,495272,0.626850
52100,1334480,833600,500880,0.624663
52200,1328496,835200,493296,0.628681
52300,1331760,836800,494960,0.628341
52400,1340736,838400,502336,0.625328
52500,1335704,840000,495704,0.628882
52600,1335160,841600,493560,0.630336
52700,1334888,843200,491688,0.631663
52800,1345088,844800,500288,0.628063
52900,1344272,846400,497872,0.629634
53000,1340464,848000,492464,0.632617
53100,1342776,849600,493176,0.632719
53200,1349712,851200,498512,0.630653
53300,2228408,852800,1375608,0.382695
53400,2229360,854400,1374960,0.383249
53500,2229224,856000,1373224,0.383990
53600,2230584,857600,1372984,0.384473
53700,2230720,859200,1371520,0.385167
53800,2230448,860800,1369648,0.385931
53900,2231264,862400,1368864,0.386507
54000,2231808,864000,1367808,0.387130
54100,2232760,865600,1367160,0.387682
54200,2231536,867200,1364336,0.388611
54300,2235208,868800,1366408,0.388689
54400,2233304,870400,1362904,0.389736
54500,2234120,872000,1362120,0.390310
54600,2235344,873600,1361744,0.390812
54700,2236568,875200,1361368,0.391314
54800,2237792,876800,1360992,0.391815
54900,2234120,878400,1355720,0.393175
55000,2237248,880000,1357248,0.393340
55100,2237792,881600,1356192,0.393960
55200,2238608,883200,1355408,0.394531
55300,2236568,884800,1351768,0.395606
55400,2240104,886400,1353704,0.395696
55500,2242008,888000,1354008,0.396074
55600,2240104,889600,1350504,0.397124
55700,2240104,891200,1348904,0.397839
55800,2240512,892800,1347712,0.398480
55900,2243096,894400,1348696,0.398735
56000,2242552,896000,1346552,0.399545
56100,2241736,897600,1344136,0.400404
56200,2242416,899200,1343216,0.400996
56300,2243096,900800,1342296,0.401588
56400,2240784,902400,1338384,0.402716
56500,2242824,904000,1338824,0.403063
56600,2246904,905600,1341304,0.403043
56700,2243912,907200,1336712,0.404294
56800,2245408,908800,1336608,0.404737
56900,2245408,910400,1335008,0.405450
57000,2245272,912000,1333272,0.406187
57100,2247856,913600,1334256,0.406432
57200,2246496,915200,1331296,0.407390
57300,2246904,916800,1330104,0.408028
57400,2245272,918400,1326872,0.409037
57500,2249352,920000,1329352,0.409007
57600,2249760,921600,1328160,0.409644
57700,2246768,923200,1323568,0.410901
57800,2248944,924800,1324144,0.411215
57900,2249216,926400,1322816,0.411877
58000,2246360,928000,1318360,0.413113
58100,2251528,929600,1321928,0.412875
58200,2250984,931200,1319784,0.413686
58300,2252480,932800,1319680,0.414121
58400,2252480,934400,1318080,0.414832
58500,2254520,936000,1318520,0.415166
58600,2256832,937600,1319232,0.415450
58700,2253704,939200,1314504,0.416736
58800,2251120,940800,1310320,0.417925
58900,2253160,942400,1310760,0.418257
59000,2251800,944000,1307800,0.419220
59100,2252344,945600,1306744,0.419829
59200,2253568,947200,1306368,0.420311
59300,2255744,948800,1306944,0.420615
59400,2257104,950400,1306704,0.421071
59500,2256560,952000,1304560,0.421881
59600,2255744,953600,1302144,0.422743
59700,2253704,955200,1298504,0.423836
59800,2256424,956800,1299624,0.424034
59900,2257240,958400,1298840,0.424589
60000,2255336,960000,1295336,0.425657
60100,2257376,961600,1295776,0.425981
60200,2259416,963200,1296216,0.426305
60300,2256968,964800,1292168,0.427476
60400,2257648,966400,1291248,0.428056
60500,2259144,968000,1291144,0.428481
60600,2256968,969600,1287368,0.429603
60700,2259008,971200,1287808,0.429923
60800,2257648,972800,1284848,0.430891
60900,2257240,974400,1282840,0.431678
61000,2261864,976000,1285864,0.431503
61100,2258736,977600,1281136,0.432808
61200,2261456,979200,1282256,0.432995
61300,2259280,980800,1278480,0.434121
61400,2260096,982400,1277696,0.434672
61500,2260368,984000,1276368,0.435327
61600,2259552,985600,1273952,0.436193
61700,2261592,987200,1274392,0.436507
61800,2264584,988800,1275784,0.436636
61900,2267032,990400,1276632,0.436871
62000,2260232,992000,1268232,0.438893
62100,2260912,993600,1267312,0.439469
62200,2264448,995200,1269248,0.439489
62300,2260912,996800,1264112,0.440884
62400,2261728,998400,1263328,0.441432
62500,2265128,1000000,1265128,0.441476
62600,2260504,1001600,1258904,0.443087
62700,2266624,1003200,1263424,0.442597
62800,2267712,1004800,1262912,0.443090
62900,2266624,1006400,1260224,0.444008
63000,2264720,1008000,1256720,0.445088
63100,2266624,1009600,1257024,0.445420
63200,2269480,1011200,1258280,0.445565
63300,2268936,1012800,1256136,0.446377
63400,2267848,1014400,1253448,0.447296
63500,2265400,1016000,1249400,0.448486
63600,2268936,1017600,1251336,0.448492
63700,2269208,1019200,1250008,0.449143
63800,2270296,1020800,1249496,0.449633
63900,2270432,1022400,1248032,0.450311
64000,2270160,1024000,1246160,0.451070
64100,2271928,1025600,1246328,0.451423
64200,2270160,1027200,1242960,0.452479
64300,2269616,1028800,1240816,0.453293
64400,2276824,1030400,1246424,0.452560
64500,2271520,1032000,1239520,0.454321
64600,2272200,1033600,1238600,0.454890
64700,2270840,1035200,1235640,0.455867
64800,2274240,1036800,1237440,0.455889
64900,2274240,1038400,1235840,0.456592
65000,2275464,1040000,1235464,0.457050
65100,2273016,1041600,1231416,0.458246
65200,2274376,1043200,1231176,0.458675
65300,2275600,1044800,1230800,0.459132
65400,2275736,1046400,1229336,0.459807
65500,2276416,1048000,1228416,0.460373
65600,2275872,1049600,1226272,0.461186
65700,2277640,1051200,1226440,0.461530
65800,2274240,1052800,1221440,0.462924
65900,2273152,1054400,1218752,0.463849
66000,2276960,1056000,1220960,0.463776
66100,2281856,1057600,1224256,0.463482
66200,2278184,1059200,1218984,0.464932
66300,2277912,1060800,1217112,0.465690
66400,2276008,1062400,1213608,0.466782
66500,2281992,1064000,1217992,0.466259
66600,2279816,1065600,1214216,0.467406
66700,2278728,1067200,1211528,0.468331
66800,2278048,1068800,1209248,0.469174
66900,2280904,1070400,1210504,0.469288
67000,2286344,1072000,1214344,0.468871
67100,2281992,1073600,1208392,0.470466
67200,2282536,1075200,1207336,0.471055
67300,2284848,1076800,1208048,0.471279
67400,2282808,1078400,1204408,0.472401
67500,2287976,1080000,1207976,0.472033
67600,2282400,1081600,1200800,0.473887
67700,2286480,1083200,1203280,0.473741
67800,2281448,1084800,1196648,0.475487
67900,2289336,1086400,1202936,0.474548
68000,2284168,1088000,1196168,0.476322
68100,2289472,1089600,1199872,0.475918
68200,2285392,1091200,1194192,0.477467
68300,2291240,1092800,1198440,0.476947
68400,2288792,1094400,1194392,0.478156
68500,2292192,1096000,1196192,0.478145
68600,2289880,1097600,1192280,0.479326
68700,2289608,1099200,1190408,0.480082
68800,2287568,1100800,1186768,0.481210
68900,2291784,1102400,1189384,0.481023
69000,2289472,1104000,1185472,0.482207
69100,2294912,1105600,1189312,0.481761
69200,2295184,1107200,1187984,0.482401
69300,2292192,1108800,1183392,0.483729
69400,2291648,1110400,1181248,0.484542
69500,2293008,1112000,1181008,0.484953
69600,2295184,1113600,1181584,0.485190
69700,2297496,1115200,1182296,0.485398
69800,2292056,1116800,1175256,0.487248
69900,2294368,1118400,1175968,0.487454
70000,2292600,1120000,1172600,0.488528
70100,2296272,1121600,1174672,0.488444
70200,2301440,1123200,1178240,0.488042
70300,2298176,1124800,1173376,0.489432
70400,2296544,1126400,1170144,0.490476
70500,2300760,1128000,1172760,0.490273
70600,2293960,1129600,1164360,0.492424
70700,2301440,1131200,1170240,0.491518
70800,2301304,1132800,1168504,0.492243
70900,2299944,1134400,1165544,0.493229
71000,2299264,1136000,1163264,0.494071
71100,2300080,1137600,1162480,0.494591
71200,2300760,1139200,1161560,0.495141
71300,2302120,1140800,1161320,0.495543
71400,2308784,1142400,1166384,0.494806
71500,2304296,1144000,1160296,0.496464
71600,2303480,1145600,1157880,0.497334
71700,2305248,1147200,1158048,0.497647
71800,2304432,1148800,1155632,0.498518
71900,2307152,1150400,1156752,0.498623
72000,2307832,1152000,1155832,0.499170
72100,2309328,1153600,1155728,0.499539
72200,2310552,1155200,1155352,0.499967
72300,2305248,1156800,1148448,0.501812
72400,2310688,1158400,1152288,0.501323
72500,2310552,1160000,1150552,0.502045
72600,2313680,1161600,1152080,0.502057
72700,2313816,1163200,1150616,0.502719
72800,2310552,1164800,1145752,0.504122
72900,2314224,1166400,1147824,0.504013
73000,2313544,1168000,1145544,0.504853
73100,2312864,1169600,1143264,0.505693
73200,2323472,1171200,1152272,0.504073
73300,2315312,1172800,1142512,0.506541
73400,2315176,1174400,1140776,0.507262
73500,2316264,1176000,1140264,0.507714
73600,2317488,1177600,1139888,0.508136
73700,2314360,1179200,1135160,0.509515
73800,2320344,1180800,1139544,0.508890
73900,2320344,1182400,1137944,0.509580
74000,2323064,1184000,1139064,0.509672
74100,2322792,1185600,1137192,0.510420
74200,2325104,1187200,1137904,0.510601
74300,2316536,1188800,1127736,0.513180
74400,2325784,1190400,1135384,0.511827
74500,2321024,1192000,1129024,0.513566
74600,2320888,1193600,1127288,0.514286
74700,2320752,1195200,1125552,0.515005
74800,2324152,1196800,1127352,0.514941
74900,2323608,1198400,1125208,0.515750
75000,2329864,1200000,1129864,0.515052
75100,2325240,1201600,1123640,0.516764
75200,2328232,1203200,1125032,0.516787
75300,2335712,1204800,1130912,0.515817
75400,2329728,1206400,1123328,0.517829
75500,2328096,1208000,1120096,0.518879
75600,2333672,1209600,1124072,0.518325
75700,2332312,1211200,1121112,0.519313
75800,2330680,1212800,1117880,0.520363
75900,2327280,1214400,1112880,0.521811
76000,2331768,1216000,1115768,0.521493
76100,2334624,1217600,1117024,0.521540
76200,2325784,1219200,1106584,0.524210
76300,2336392,1220800,1115592,0.522515
76400,2337480,1222400,1115080,0.522956
76500,2335712,1224000,1111712,0.524037
76600,2336528,1225600,1110928,0.524539
76700,2334896,1227200,1107696,0.525591
76800,2337344,1228800,1108544,0.525725
76900,2337344,1230400,1106944,0.526409
77000,2345096,1232000,1113096,0.525352
77100,2342512,1233600,1108912,0.526614
77200,2344144,1235200,1108944,0.526930
77300,2340200,1236800,1103400,0.528502
77400,2345232,1238400,1106832,0.528050
77500,2341968,1240000,1101968,0.529469
77600,2343600,1241600,1102000,0.529783
77700,2346592,1243200,1103392,0.529790
77800,2346184,1244800,1101384,0.530564
77900,2347544,1246400,1101144,0.530938
78000,2350128,1248000,1102128,0.531035
78100,2352168,1249600,1102568,0.531255
78200,2351896,1251200,1100696,0.531996
78300,2351488,1252800,1098688,0.532769
78400,2352168,1254400,1097768,0.533295
78500,2356928,1256000,1100928,0.532897
78600,2346728,1257600,1089128,0.535895
78700,2351352,1259200,1092152,0.535522
78800,2349176,1260800,1088376,0.536699
78900,2359920,1262400,1097520,0.534933
79000,2355024,1264000,1091024,0.536725
79100,2359104,1265600,1093504,0.536475
79200,2360328,1267200,1093128,0.536875
79300,2361960,1268800,1093160,0.537181
79400,2362096,1270400,1091696,0.537827
79500,2360056,1272000,1088056,0.538970
79600,2361960,1273600,1088360,0.539213
79700,2358152,1275200,1082952,0.540762
79800,2360872,1276800,1084072,0.540817
79900,2360056,1278400,1081656,0.541682
80000,2360464,1280000,1080464,0.542266
80100,2359920,1281600,1078320,0.543069
80200,2362776,1283200,1079576,0.543090
80300,2363048,1284800,1078248,0.543705
80400,2365496,1286400,1079096,0.543818
80500,2369168,1288000,1081168,0.543651
80600,2374472,1289600,1084872,0.543110
80700,2371752,1291200,1080552,0.544408
80800,2364680,1292800,1071880,0.546712
80900,2374744,1294400,1080344,0.545069
81000,2372024,1296000,1076024,0.546369
81100,2368216,1297600,1070616,0.547923
81200,2372160,1299200,1072960,0.547686
81300,2379232,1300800,1078432,0.546731
81400,2373656,1302400,1071256,0.548689
81500,2376376,1304000,1072376,0.548735
81600,2382496,1305600,1076896,0.547997
81700,2381544,1307200,1074344,0.548888
81800,2379368,1308800,1070568,0.550062
81900,2377056,1310400,1066656,0.551270
82000,2384672,1312000,1072672,0.550180
82100,2381952,1313600,1068352,0.551480
82200,2386304,1315200,1071104,0.551145
82300,2381408,1316800,1064608,0.552950
82400,2387392,1318400,1068992,0.552234
82500,2381544,1320000,1061544,0.554262
82600,2381816,1321600,1060216,0.554871
82700,2388888,1323200,1065688,0.553898
82800,2386304,1324800,1061504,0.555168
82900,2395416,1326400,1069016,0.553724
83000,2391336,1328000,1063336,0.555338
83100,2387528,1329600,1057928,0.556894
83200,2389296,1331200,1058096,0.557152
83300,2390792,1332800,1057992,0.557472
83400,2395280,1334400,1060880,0.557096
83500,2394328,1336000,1058328,0.557985
83600,2399224,1337600,1061624,0.557514
83700,2386712,1339200,1047512,0.561107
83800,2401808,1340800,1061008,0.558246
83900,2397864,1342400,1055464,0.559832
84000,2401128,1344000,1057128,0.559737
84100,2396504,1345600,1050904,0.561485
84200,2400584,1347200,1053384,0.561197
84300,2403984,1348800,1055184,0.561069
84400,2406704,1350400,1056304,0.561099
84500,2405752,1352000,1053752,0.561986
84600,2407248,1353600,1053648,0.562302
84700,2407928,1355200,1052728,0.562808
84800,2408880,1356800,1052080,0.563249
84900,2401672,1358400,1043272,0.565606
85000,2407928,1360000,1047928,0.564801
85100,2411872,1361600,1050272,0.564541
85200,2403576,1363200,1040376,0.567155
85300,2413504,1364800,1048704,0.565485
85400,2410784,1366400,1044384,0.566787
85500,2418264,1368000,1050264,0.565695
85600,2418808,1369600,1049208,0.566229
85700,2417584,1371200,1046384,0.567178
85800,2416632,1372800,1043832,0.568063
85900,2417856,1374400,1043456,0.568437
86000,2423296,1376000,1047296,0.567822
86100,2416496,1377600,1038896,0.570082
86200,2427240,1379200,1048040,0.568217
86300,2423160,1380800,1042360,0.569834
86400,2418808,1382400,1036408,0.571521
86500,2421392,1384000,1037392,0.571572
86600,2429688,1385600,1044088,0.570279
86700,2426016,1387200,1038816,0.571802
86800,2425880,1388800,1037080,0.572493
86900,2431728,1390400,1041328,0.571774
87000,2430640,1392000,1038640,0.572689
87100,2424928,1393600,1031328,0.574697
87200,2432272,1395200,1037072,0.573620
87300,2428464,1396800,1031664,0.575178
87400,2440160,1398400,1041760,0.573077
87500,2435944,1400000,1035944,0.574726
87600,2436760,1401600,1035160,0.575190
87700,2438392,1403200,1035192,0.575461
87800,2448048,1404800,1043248,0.573845
87900,2438392,1406400,1031992,0.576774
88000,2439208,1408000,1031208,0.577237
88100,2443424,1409600,1033824,0.576895
88200,2439752,1411200,1028552,0.578419
88300,2442064,1412800,1029264,0.578527
88400,2440024,1414400,1025624,0.579666
88500,2447912,1416000,1031912,0.578452
88600,2447776,1417600,1030176,0.579138
88700,2450224,1419200,1031024,0.579212
88800,2445736,1420800,1024936,0.580929
88900,2440840,1422400,1018440,0.582750
89000,2454032,1424000,1030032,0.580270
89100,2446824,1425600,1021224,0.582633
89200,2452672,1427200,1025472,0.581896
89300,2458656,1428800,1029856,0.581131
89400,2456344,1430400,1025944,0.582329
89500,2455392,1432000,1023392,0.583206
89600,2457704,1433600,1024104,0.583309
89700,2461104,1435200,1025904,0.583153
89800,2465456,1436800,1028656,0.582773
89900,2460560,1438400,1022160,0.584582
90000,2459608,1440000,1019608,0.585459
90100,2461512,1441600,1019912,0.585656
90200,2470760,1443200,1027560,0.584112
90300,2468856,1444800,1024056,0.585210
90400,2463960,1446400,1017560,0.587023
90500,2466680,1448000,1018680,0.587024
90600,2465320,1449600,1015720,0.587997
90700,2470080,1451200,1018880,0.587511
90800,2476200,1452800,1023400,0.586705
90900,2471712,1454400,1017312,0.588418
91000,2472800,1456000,1016800,0.588806
91100,2474568,1457600,1016968,0.589032
91200,2478512,1459200,1019312,0.588740
91300,2480824,1460800,1020024,0.588837
91400,2476472,1462400,1014072,0.590517
91500,2484088,1464000,1020088,0.589351
91600,2477424,1465600,1011824,0.591582
91700,2489392,1467200,1022192,0.589381
91800,2477016,1468800,1008216,0.592972
91900,2490344,1470400,1019944,0.590441
92000,2483000,1472000,1011000,0.592831
92100,2487760,1473600,1014160,0.592340
92200,2488576,1475200,1013376,0.592789
92300,2492112,1476800,1015312,0.592590
92400,2494288,1478400,1015888,0.592714
92500,2496736,1480000,1016736,0.592774
92600,2495104,1481600,1013504,0.593803
92700,2498504,1483200,1015304,0.593635
92800,2495648,1484800,1010848,0.594956
92900,2494968,1486400,1008568,0.595759
93000,2498096,1488000,1010096,0.595654
93100,2501632,1489600,1012032,0.595451
93200,2495104,1491200,1003904,0.597650
93300,2501904,1492800,1009104,0.596666
93400,2499456,1494400,1005056,0.597890
93500,2502448,1496000,1006448,0.597815
93600,2503264,1497600,1005664,0.598259
93700,2511152,1499200,1011952,0.597017
93800,2506664,1500800,1005864,0.598724
93900,2508432,1502400,1006032,0.598940
94000,2508840,1504000,1004840,0.599480
94100,2520128,1505600,1014528,0.597430
94200,2514144,1507200,1006944,0.599488
94300,2509520,1508800,1000720,0.601231
94400,2510880,1510400,1000480,0.601542
94500,2522848,1512000,1010848,0.599323
94600,2518360,1513600,1004760,0.601026
94700,2515232,1515200,1000032,0.602410
94800,2518768,1516800,1001968,0.602199
94900,2519856,1518400,1001456,0.602574
95000,2524752,1520000,1004752,0.602039
95100,2530464,1521600,1008864,0.601313
95200,2527608,1523200,1004408,0.602625
95300,2536312,1524800,1011512,0.601188
95400,2525296,1526400,998896,0.604444
95500,2534408,1528000,1006408,0.602902
95600,2531960,1529600,1002360,0.604117
95700,2536584,1531200,1005384,0.603646
95800,2536720,1532800,1003920,0.604245
95900,2535632,1534400,1001232,0.605135
96000,2533864,1536000,997864,0.606189
96100,2542568,1537600,1004968,0.604743
96200,2537400,1539200,998200,0.606605
96300,2535904,1540800,995104,0.607594
96400,2537808,1542400,995408,0.607769
96500,2549096,1544000,1005096,0.605705
96600,2554264,1545600,1008664,0.605106
96700,2551544,1547200,1004344,0.606378
96800,2547056,1548800,998256,0.608075
96900,2547600,1550400,997200,0.608573
97000,2544744,1552000,992744,0.609885
97100,2548552,1553600,994952,0.609601
97200,2560112,1555200,1004912,0.607473
97300,2562016,1556800,1005216,0.607646
97400,2553448,1558400,995048,0.610312
97500,2560520,1560000,1000520,0.609251
97600,2553856,1561600,992256,0.611468
97700,2565008,1563200,1001808,0.609433
97800,2562560,1564800,997760,0.610639
97900,2565688,1566400,999288,0.610519
98000,2569496,1568000,1001496,0.610236
98100,2562696,1569600,993096,0.612480
98200,2560792,1571200,989592,0.613560
98300,2569224,1572800,996424,0.612169
98400,2568408,1574400,994008,0.612987
98500,2573168,1576000,997168,0.612475
98600,2569904,1577600,992304,0.613875
98700,2576160,1579200,996960,0.613005
98800,2573984,1580800,993184,0.614145
98900,2574664,1582400,992264,0.614604
99000,2582688,1584000,998688,0.613315
99100,2583096,1585600,997496,0.613837
99200,2583776,1587200,996576,0.614295
99300,2591120,1588800,1002320,0.613171
99400,2589760,1590400,999360,0.614111
99500,2581056,1592000,989056,0.616802
99600,2585952,1593600,992352,0.616253
99700,2582144,1595200,986944,0.617781
99800,2584456,1596800,987656,0.617848
99900,2595744,1598400,997344,0.615777
