0,184,0,184,0.000000
100,2632,1600,1032,0.607903
200,4400,3200,1200,0.727273
300,8752,4800,3952,0.548446
400,8752,6400,2352,0.731261
500,17456,8000,9456,0.458295
600,17456,9600,7856,0.549954
700,17456,11200,6256,0.641613
800,17456,12800,4656,0.733272
900,34864,14400,20464,0.413034
1000,34864,16000,18864,0.458926
1100,34864,17600,17264,0.504819
1200,34864,19200,15664,0.550711
1300,34864,20800,14064,0.596604
1400,34864,22400,12464,0.642497
1500,34864,24000,10864,0.688389
1600,34864,25600,9264,0.734282
1700,69680,27200,42480,0.390356
1800,69680,28800,40880,0.413318
1900,69680,30400,39280,0.436280
2000,69680,32000,37680,0.459242
2100,69816,33600,36216,0.481265
2200,69816,35200,34616,0.504182
2300,69816,36800,33016,0.527100
2400,69816,38400,31416,0.550017
2500,70224,40000,30224,0.569606
2600,70768,41600,29168,0.587836
2700,70360,43200,27160,0.613985
2800,71448,44800,26648,0.627029
2900,72264,46400,25864,0.642090
3000,72808,48000,24808,0.659268
3100,74440,49600,24840,0.666308
3200,77024,51200,25824,0.664728
3300,77704,52800,24904,0.679502
3400,139312,54400,84912,0.390490
3500,139584,56000,83584,0.401192
3600,139584,57600,81984,0.412655
3700,140128,59200,80928,0.422471
3800,140128,60800,79328,0.433889
3900,139720,62400,77320,0.446608
4000,140536,64000,76536,0.455399
4100,141080,65600,75480,0.464984
4200,140264,67200,73064,0.479097
4300,140400,68800,71600,0.490028
4400,140808,70400,70408,0.499972
4500,141896,72000,69896,0.507414
4600,142848,73600,69248,0.515233
4700,142440,75200,67240,0.527942
4800,143120,76800,66320,0.536613
4900,144344,78400,65944,0.543147
5000,145704,80000,65704,0.549058
5100,144752,81600,63152,0.563723
5200,144888,83200,61688,0.574237
5300,146792,84800,61992,0.577688
5400,146656,86400,60256,0.589134
5500,148016,88000,60016,0.594530
5600,149104,89600,59504,0.600923
5700,150736,91200,59536,0.605031
5800,151688,92800,58888,0.611782
5900,151960,94400,57560,0.621216
6000,153592,96000,57592,0.625033
6100,158488,97600,60888,0.615819
6200,155904,99200,56704,0.636289
6300,157672,100800,56872,0.639302
6400,159984,102400,57584,0.640064
6500,160120,104000,56120,0.649513
6600,166240,105600,60640,0.635226
6700,278576,107200,171376,0.384814
6800,279392,108800,170592,0.389417
6900,279120,110400,168720,0.395529
7000,279256,112000,167256,0.401066
7100,280344,113600,166744,0.405216
7200,279664,115200,164464,0.411923
7300,280752,116800,163952,0.416026
7400,280344,118400,161944,0.422338
7500,280208,120000,160208,0.428253
7600,280480,121600,158880,0.433542
7700,280344,123200,157144,0.439460
7800,282928,124800,158128,0.441102
7900,284832,126400,158432,0.443770
8000,281296,128000,153296,0.455037
8100,281296,129600,151696,0.460725
8200,283744,131200,152544,0.462389
8300,283744,132800,150944,0.468028
8400,282112,134400,147712,0.476407
8500,283880,136000,147880,0.479076
8600,285648,137600,148048,0.481712
8700,284016,139200,144816,0.490113
8800,284152,140800,143352,0.495509
8900,284288,142400,141888,0.500900
9000,285648,144000,141648,0.504117
9100,287144,145600,141544,0.507063
9200,289456,147200,142256,0.508540
9300,286192,148800,137392,0.519931
9400,288232,150400,137832,0.521802
9500,289456,152000,137456,0.525123
9600,290136,153600,136536,0.529407
9700,290408,155200,135208,0.534421
9800,290952,156800,134152,0.538921
9900,289864,158400,131464,0.546463
10000,292584,160000,132584,0.546852
10100,293536,161600,131936,0.550529
10200,293128,163200,129928,0.556753
10300,294896,164800,130096,0.558841
10400,293536,166400,127136,0.566881
10500,299520,168000,131520,0.560897
10600,297480,169600,127880,0.570122
10700,297344,171200,126144,0.575764
10800,298160,172800,125360,0.579555
10900,299656,174400,125256,0.582001
11000,303736,176000,127736,0.579451
11100,303872,177600,126272,0.584457
11200,304008,179200,124808,0.589458
11300,304280,180800,123480,0.594190
11400,304008,182400,121608,0.599984
11500,307816,184000,123816,0.597760
11600,308224,185600,122624,0.602159
11700,309720,187200,122520,0.604417
11800,309856,188800,121056,0.609315
11900,312304,190400,121904,0.609662
12000,312032,192000,120032,0.615322
12100,316112,193600,122512,0.612441
12200,313664,195200,118464,0.622322
12300,317880,196800,121080,0.619102
12400,321824,198400,123424,0.616486
12500,319376,200000,119376,0.626221
12600,319104,201600,117504,0.631769
12700,323864,203200,120664,0.627424
12800,322912,204800,118112,0.634229
12900,326040,206400,119640,0.633051
13000,329848,208000,121848,0.630593
13100,330256,209600,120656,0.634659
13200,331344,211200,120144,0.637404
13300,335424,212800,122624,0.634421
13400,557240,214400,342840,0.384753
13500,557920,216000,341920,0.387152
13600,557920,217600,340320,0.390020
13700,558872,219200,339672,0.392219
13800,558464,220800,337664,0.395370
13900,558872,222400,336472,0.397944
14000,559416,224000,335416,0.400418
14100,559688,225600,334088,0.403082
14200,560640,227200,333440,0.405251
14300,559960,228800,331160,0.408601
14400,562000,230400,331600,0.409964
14500,560776,232000,328776,0.413712
14600,562000,233600,328400,0.415658
14700,561864,235200,326664,0.418607
14800,562544,236800,325744,0.420945
14900,561592,238400,323192,0.424507
15000,563224,240000,323224,0.426118
15100,563224,241600,321624,0.428959
15200,562544,243200,319344,0.432322
15300,565400,244800,320600,0.432968
15400,563496,246400,317096,0.437270
15500,564176,248000,316176,0.439579
15600,564720,249600,315120,0.441989
15700,565536,251200,314336,0.444180
15800,564720,252800,311920,0.447655
15900,564856,254400,310456,0.450380
16000,565808,256000,309808,0.452450
16100,565672,257600,308072,0.455388
16200,566080,259200,306880,0.457886
16300,566896,260800,306096,0.460049
16400,567576,262400,305176,0.462317
16500,568528,264000,304528,0.464357
16600,566896,265600,301296,0.468516
16700,568664,267200,301464,0.469873
16800,567984,268800,299184,0.473253
16900,569344,270400,298944,0.474933
17000,570296,272000,298296,0.476945
17100,569072,273600,295472,0.480783
17200,571384,275200,296184,0.481638
17400,569072,278400,290672,0.489218
17500,572744,280000,292744,0.488875
17600,572472,281600,290872,0.491902
17700,571792,283200,288592,0.495285
17800,574512,284800,289712,0.495725
17900,572472,286400,286072,0.500286
18000,572880,288000,284880,0.502723
18100,574104,289600,284504,0.504438
18200,574648,291200,283448,0.506745
18300,579136,292800,286336,0.505581
18400,575192,294400,280792,0.511829
18500,574104,296000,278104,0.515586
18600,577640,297600,280040,0.515200
18700,581992,299200,282792,0.514096
18800,579952,300800,279152,0.518664
18900,579544,302400,277144,0.521790
19000,582264,304000,278264,0.522100
19100,582128,305600,276528,0.524970
19200,578048,307200,270848,0.531444
19300,584984,308800,276184,0.527878
19400,583216,310400,272816,0.532221
19500,582128,312000,270128,0.535965
19600,587976,313600,274376,0.533355
19700,587432,315200,272232,0.536573
19800,587568,316800,270768,0.539172
19900,586888,318400,268488,0.542523
20000,588520,320000,268520,0.543737
20100,588520,321600,266920,0.546456
20200,592192,323200,268992,0.545769
20300,585936,324800,261136,0.554327
20400,590968,326400,264568,0.552314
20500,590288,328000,262288,0.555661
20600,592872,329600,263272,0.555938
20700,591512,331200,260312,0.559921
20800,592328,332800,259528,0.561851
20900,596544,334400,262144,0.560562
21000,596000,336000,260000,0.563758
21100,597496,337600,259896,0.565025
21200,595864,339200,256664,0.569257
21300,599128,340800,258328,0.568827
21400,600896,342400,258496,0.569816
21500,601712,344000,257712,0.571702
21600,602392,345600,256792,0.573713
21700,603888,347200,256688,0.574941
21800,603072,348800,254272,0.578372
21900,602936,350400,252536,0.581156
22000,604840,352000,252840,0.581972
22100,607832,353600,254232,0.581740
22200,603752,355200,248552,0.588321
22300,610688,356800,253888,0.584259
22400,611368,358400,252968,0.586226
22500,612184,360000,252184,0.588058
22600,612184,361600,250584,0.590672
22700,614904,363200,251704,0.590661
22800,615720,364800,250920,0.592477
22900,615584,366400,249184,0.595207
23000,620344,368000,252344,0.593219
23100,619120,369600,249520,0.596976
23200,619936,371200,248736,0.598771
23300,621704,372800,248904,0.599642
23400,622248,374400,247848,0.601689
23500,621704,376000,245704,0.604789
23600,625376,377600,247776,0.603797
23700,626464,379200,247264,0.605302
23800,622928,380800,242128,0.611307
23900,630816,382400,248416,0.606199
24000,630136,384000,246136,0.609392
24100,633264,385600,247664,0.608909
24200,638840,387200,251640,0.606099
24300,636800,388800,248000,0.610553
24400,634216,390400,243816,0.615563
24500,635848,392000,243848,0.616500
24600,638976,393600,245376,0.615986
24700,640472,395200,245272,0.617045
24800,641152,396800,244352,0.618886
24900,643464,398400,245064,0.619149
25000,645776,400000,245776,0.619410
25100,647136,401600,245536,0.620581
25200,651488,403200,248288,0.618891
25300,649720,404800,244920,0.623038
25400,651488,406400,245088,0.623803
25500,654752,408000,246752,0.623137
25600,652168,409600,242568,0.628059
25700,652304,411200,241104,0.630381
25800,654208,412800,241408,0.630992
25900,658288,414400,243888,0.629512
26000,659512,416000,243512,0.630769
26100,658152,417600,240552,0.634504
26200,655976,419200,236776,0.639048
26300,659104,420800,238304,0.638442
26400,669712,422400,247312,0.630719
26500,666040,424000,242040,0.636598
26600,667400,425600,241800,0.637699
26700,1114432,427200,687232,0.383334
26800,1114704,428800,685904,0.384676
26900,1115792,430400,685392,0.385735
27000,1115656,432000,683656,0.387216
27100,1115792,433600,682192,0.388603
27200,1116064,435200,680864,0.389942
27300,1116744,436800,679944,0.391137
27400,1116744,438400,678344,0.392570
27500,1117832,440000,677832,0.393619
27600,1117424,441600,675824,0.395195
27700,1119464,443200,676264,0.395904
27800,1119192,444800,674392,0.397430
27900,1118104,446400,671704,0.399247
28000,1119736,448000,671736,0.400094
28100,1121368,449600,671768,0.400939
28200,1119056,451200,667856,0.403197
28300,1122592,452800,669792,0.403352
28400,1121776,454400,667376,0.405072
28500,1121776,456000,665776,0.406498
28600,1121640,457600,664040,0.407974
28700,1120688,459200,661488,0.409748
28800,1123136,460800,662336,0.410280
28900,1126128,462400,663728,0.410611
29000,1124360,464000,660360,0.412679
29100,1123272,465600,657672,0.414503
29200,1123680,467200,656480,0.415777
29300,1123952,468800,655152,0.417100
29400,1125448,470400,655048,0.417967
29500,1125176,472000,653176,0.419490
29600,1126128,473600,652528,0.420556
29700,1126944,475200,651744,0.421671
29800,1125720,476800,648920,0.423551
29900,1128032,478400,649632,0.424101
30000,1128712,480000,648712,0.425263
30100,1126672,481600,645072,0.427454
30200,1128032,483200,644832,0.428357
30300,1129120,484800,644320,0.429361
30400,1128032,486400,641632,0.431193
30500,1129120,488000,641120,0.432195
30600,1130752,489600,641152,0.432986
30700,1126944,491200,635744,0.435869
30800,1129120,492800,636320,0.436446
30900,1127352,494400,632952,0.438550
31000,1129120,496000,633120,0.439280
31100,1129528,497600,631928,0.440538
31200,1127352,499200,628152,0.442808
31300,1130752,500800,629952,0.442891
31400,1129120,502400,626720,0.444948
31500,1129392,504000,625392,0.446258
31600,1129664,505600,624064,0.447567
31700,1136600,507200,629400,0.446243
31800,1131976,508800,623176,0.449479
31900,1133744,510400,623344,0.450190
32000,1131704,512000,619704,0.452415
32100,1132112,513600,618512,0.453665
32200,1135648,515200,620448,0.453662
32300,1134424,516800,617624,0.455562
32400,1133744,518400,615344,0.457246
32500,1138232,520000,618232,0.456849
32600,1137552,521600,615952,0.458528
32700,1134560,523200,611360,0.461148
32800,1135512,524800,610712,0.462170
32900,1134424,526400,608024,0.464024
33000,1136056,528000,608056,0.464766
33100,1134832,529600,605232,0.466677
33200,1138912,531200,607712,0.466410
33300,1139048,532800,606248,0.467759
33400,1137824,534400,603424,0.469668
33500,1136872,536000,600872,0.471469
33600,1138504,537600,600904,0.472199
33700,1138640,539200,599440,0.473547
33800,1138912,540800,598112,0.474839
33900,1138640,542400,596240,0.476358
34000,1139184,544000,595184,0.477535
34100,1140136,545600,594536,0.478539
34200,1141088,547200,593888,0.479542
34300,1145440,548800,596640,0.479117
34400,1144080,550400,593680,0.481085
34500,1144352,552000,592352,0.482369
34600,1142176,553600,588576,0.484689
34700,1145304,555200,590104,0.484762
34800,1147072,556800,590272,0.485410
34900,1144216,558400,585816,0.488020
35000,1145168,560000,585168,0.489011
35100,1147752,561600,586152,0.489304
35200,1146936,563200,583736,0.491047
35300,1148432,564800,583632,0.491801
35400,1146800,566400,580400,0.493896
35500,1148976,568000,580976,0.494353
35600,1151016,569600,581416,0.494867
35700,1151152,571200,579952,0.496199
35800,1150608,572800,577808,0.497824
35900,1149384,574400,574984,0.499746
36000,1151152,576000,575152,0.500368
36100,1153600,577600,576000,0.500693
36200,1151152,579200,571952,0.503148
36300,1153736,580800,572936,0.503408
36400,1153056,582400,570656,0.505093
36500,1155232,584000,571232,0.505526
36600,1156728,585600,571128,0.506256
36700,1160400,587200,573200,0.506032
36800,1156184,588800,567384,0.509262
36900,1154416,590400,564016,0.511427
37000,1159176,592000,567176,0.510708
37100,1159856,593600,566256,0.511788
37200,1162984,595200,567784,0.511787
37300,1156184,596800,559384,0.516181
37400,1157816,598400,559416,0.516835
37500,1160944,600000,560944,0.516821
37600,1161760,601600,560160,0.517835
37700,1162848,603200,559648,0.518726
37800,1163256,604800,558456,0.519920
37900,1160400,606400,554000,0.522578
38000,1161760,608000,553760,0.523344
38100,1167880,609600,558280,0.521971
38200,1165432,611200,554232,0.524441
38300,1168288,612800,555488,0.524528
38400,1166656,614400,552256,0.526633
38500,1164480,616000,548480,0.528991
38600,1163936,617600,546336,0.530613
38700,1167744,619200,548544,0.530253
38800,1169104,620800,548304,0.531005
38900,1167336,622400,544936,0.533180
39000,1167472,624000,543472,0.534488
39100,1173048,625600,547448,0.533312
39200,1173456,627200,546256,0.534490
39300,1174136,628800,545336,0.535543
39400,1174136,630400,543736,0.536905
39500,1176312,632000,544312,0.537272
39600,1173864,633600,540264,0.539756
39700,1177264,635200,542064,0.539556
39800,1179712,636800,542912,0.539793
39900,1178624,638400,540224,0.541649
40000,1180392,640000,540392,0.542193
40100,1175496,641600,533896,0.545812
40200,1176176,643200,532976,0.546857
40300,1179984,644800,535184,0.546448
40400,1177400,646400,531000,0.549006
40500,1185696,648000,537696,0.546514
40600,1182296,649600,532696,0.549439
40700,1186784,651200,535584,0.548710
40800,1187736,652800,534936,0.549617
40900,1183656,654400,529256,0.552863
41000,1186512,656000,530512,0.552881
41100,1187464,657600,529864,0.553785
41200,1186104,659200,526904,0.555769
41300,1190456,660800,529656,0.555081
41400,1190320,662400,527920,0.556489
41500,1193992,664000,529992,0.556118
41600,1193992,665600,528392,0.557458
41700,1201336,667200,534136,0.555382
41800,1204192,668800,535392,0.555393
41900,1198480,670400,528080,0.559375
42000,1196984,672000,524984,0.561411
42100,1196440,673600,522840,0.563004
42200,1201336,675200,526136,0.562041
42300,1199840,676800,523040,0.564075
42400,1201336,678400,522936,0.564705
42500,1199704,680000,519704,0.566806
42600,1202424,681600,520824,0.566855
42700,1205688,683200,522488,0.566647
42800,1207320,684800,522520,0.567207
42900,1202288,686400,515888,0.570911
43000,1207320,688000,519320,0.569857
43100,1204872,689600,515272,0.572343
43200,1209904,691200,518704,0.571285
43300,1214936,692800,522136,0.570236
43400,1210584,694400,516184,0.573607
43500,1209768,696000,513768,0.575317
43600,1213576,697600,515976,0.574830
43700,1211672,699200,512472,0.577054
43800,1214392,700800,513592,0.577079
43900,1210312,702400,507912,0.580346
44000,1213440,704000,509440,0.580169
44100,1220376,705600,514776,0.578182
44200,1225544,707200,518344,0.577050
44300,1218336,708800,509536,0.581777
44400,1219152,710400,508752,0.582700
44500,1220240,712000,508240,0.583492
44600,1227584,713600,513984,0.581304
44700,1230984,715200,515784,0.580999
44800,1219424,716800,502624,0.587819
44900,1229624,718400,511224,0.584244
45000,1230712,720000,510712,0.585027
45100,1227176,721600,505576,0.588017
45200,1226632,723200,503432,0.589582
45300,1234792,724800,509992,0.586981
45400,1229216,726400,502816,0.590946
45500,1227720,728000,499720,0.592969
45600,1235064,729600,505464,0.590739
45700,1233568,731200,502368,0.592752
45800,1231392,732800,498592,0.595099
45900,1236152,734400,501752,0.594102
46000,1237920,736000,501920,0.594546
46100,1240232,737600,502632,0.594727
46200,1237376,739200,498176,0.597393
46300,1239144,740800,498344,0.597832
46400,1247984,742400,505584,0.594879
46500,1247848,744000,503848,0.596226
46600,1247168,745600,501568,0.597834
46700,1256416,747200,509216,0.594707
46800,1247304,748800,498504,0.600335
46900,1253832,750400,503432,0.598485
47000,1251520,752000,499520,0.600869
47100,1256280,753600,502680,0.599866
47200,1257912,755200,502712,0.600360
47300,1251928,756800,495128,0.604508
47400,1256960,758400,498560,0.603360
47500,1256552,760000,496552,0.604830
47600,1257096,761600,495496,0.605841
47700,1261040,763200,497840,0.605215
47800,1262128,764800,497328,0.605961
47900,1260904,766400,494504,0.607818
48000,1263760,768000,495760,0.607710
48100,1268248,769600,498648,0.606821
48200,1264848,771200,493648,0.609718
48300,1268384,772800,495584,0.609279
48400,1267024,774400,492624,0.611196
48500,1268792,776000,492792,0.611605
48600,1275728,777600,498128,0.609534
48700,1275728,779200,496528,0.610789
48800,1276816,780800,496016,0.611521
48900,1278176,782400,495776,0.612122
49000,1276544,784000,492544,0.614158
49100,1282664,785600,497064,0.612475
49200,1278040,787200,490840,0.615943
49300,1286608,788800,497808,0.613085
49400,1287968,790400,497568,0.613680
49500,1290552,792000,498552,0.613691
49600,1285520,793600,491920,0.617338
49700,1289192,795200,493992,0.616820
49800,1292048,796800,495248,0.616695
49900,1288376,798400,489976,0.619695
50000,1292592,800000,492592,0.618911
50100,1296672,801600,495072,0.618198
50200,1300344,803200,497144,0.617683
50300,1303336,804800,498536,0.617492
50400,1297624,806400,491224,0.621443
50500,1295448,808000,487448,0.623722
50600,1304560,809600,494960,0.620592
50700,1302792,811200,491592,0.622663
50800,1309456,812800,496656,0.620716
50900,1304560,814400,490160,0.624272
51000,1304696,816000,488696,0.625433
51100,1305920,817600,488320,0.626072
51200,1312584,819200,493384,0.624112
51300,1314488,820800,493688,0.624426
51400,1313944,822400,491544,0.625902
51500,1317208,824000,493208,0.625566
51600,1315848,825600,490248,0.627428
51700,1322376,827200,495176,0.625541
51800,1317616,828800,488816,0.629015
51900,1324280,830400,493880,0.627058
52000,1323464,832000,491464,0.628653
52100,1329720,833600,496120,0.626899
52200,1324008,835200,488808,0.630812
52300,1323736,836800,486936,0.632150
52400,1333256,838400,494856,0.628836
52500,1330400,840000,490400,0.631389
52600,1336656,841600,495056,0.629631
52700,1337608,843200,494408,0.630379
52800,1334888,844800,490088,0.632862
52900,1341824,846400,495424,0.630783
53000,1341416,848000,493416,0.632168
53100,1338288,849600,488688,0.634841
53200,1337064,851200,485864,0.636619
53300,2228544,852800,1375744,0.382671
53400,2228544,854400,1374144,0.383389
53500,2229088,856000,1373088,0.384014
53600,2229360,857600,1371760,0.384684
53700,2230584,859200,1371384,0.385191
53800,2231128,860800,1370328,0.385814
53900,2230992,862400,1368592,0.386555
54000,2231944,864000,1367944,0.387106
54100,2232488,865600,1366888,0.387729
54200,2233712,867200,1366512,0.388233
54300,2234120,868800,1365320,0.388878
54400,2232352,870400,1361952,0.389903
54500,2236024,872000,1364024,0.389978
54600,2234120,873600,1360520,0.391026
54700,2235616,875200,1360416,0.391480
54800,2235344,876800,1358544,0.392244
54900,2235072,878400,1356672,0.393007
55000,2234800,880000,1354800,0.393771
55100,2235752,881600,1354152,0.394319
55200,2237248,883200,1354048,0.394771
55300,2239424,884800,1354624,0.395102
55400,2237248,886400,1350848,0.396201
55500,2240376,888000,1352376,0.396362
55600,2240240,889600,1350640,0.397100
55700,2238880,891200,1347680,0.398056
55800,2241328,892800,1348528,0.398335
55900,2239696,894400,1345296,0.399340
56000,2241192,896000,1345192,0.399787
56100,2241600,897600,1344000,0.400428
56200,2243368,899200,1344168,0.400826
56300,2241192,900800,1340392,0.401929
56400,2245272,902400,1342872,0.401911
56500,2239968,904000,1335968,0.403577
56600,2241056,905600,1335456,0.404095
56700,2244728,907200,1337528,0.404147
56800,2246632,908800,1337832,0.404517
56900,2244184,910400,1333784,0.405671
57000,2245000,912000,1333000,0.406236
57100,2246904,913600,1333304,0.406604
57200,2246904,915200,1331704,0.407316
57300,2244048,916800,1327248,0.408547
57400,2248536,918400,1330136,0.408444
57500,2244592,920000,1324592,0.409874
57600,2248128,921600,1326528,0.409941
57700,2245272,923200,1322072,0.411175
57800,2250984,924800,1326184,0.410843
57900,2249896,926400,1323496,0.411752
58000,2248672,928000,1320672,0.412688
58100,2250848,929600,1321248,0.413000
58200,2249896,931200,1318696,0.413886
58300,2251392,932800,1318592,0.414321
58400,2249760,934400,1315360,0.415333
58500,2250032,936000,1314032,0.415994
58600,2249488,937600,1311888,0.416806
58700,2250032,939200,1310832,0.417416
58800,2251256,940800,1310456,0.417900
58900,2250440,942400,1308040,0.418763
59000,2253160,944000,1309160,0.418967
59100,2255472,945600,1309872,0.419247
59200,2252752,947200,1305552,0.420464
59300,2251256,948800,1302456,0.421454
59400,2258192,950400,1307792,0.420868
59500,2253160,952000,1301160,0.422518
59600,2255472,953600,1301872,0.422794
59700,2255880,955200,1300680,0.423427
59800,2261728,956800,1304928,0.423039
59900,2253160,958400,1294760,0.425358
60000,2255064,960000,1295064,0.425709
60100,2256016,961600,1294416,0.426238
60200,2259144,963200,1295944,0.426356
60300,2258600,964800,1293800,0.427167
60400,2257512,966400,1291112,0.428082
60500,2258192,968000,1290192,0.428662
60600,2254928,969600,1285328,0.429992
60700,2255880,971200,1284680,0.430519
60800,2257240,972800,1284440,0.430969
60900,2260096,974400,1285696,0.431132
61000,2260368,976000,1284368,0.431788
61100,2257376,977600,1279776,0.433069
61200,2259008,979200,1279808,0.433465
61300,2258192,980800,1277392,0.434330
61400,2258872,982400,1276472,0.434907
61500,2258736,984000,1274736,0.435642
61600,2264312,985600,1278712,0.435276
61700,2263904,987200,1276704,0.436061
61800,2260232,988800,1271432,0.437477
61900,2259688,990400,1269288,0.438291
62000,2262680,992000,1270680,0.438418
62100,2262680,993600,1269080,0.439125
62200,2264992,995200,1269792,0.439383
62300,2261048,996800,1264248,0.440858
62400,2263224,998400,1264824,0.441141
62500,2264040,1000000,1264040,0.441688
62600,2263632,1001600,1262032,0.442475
62700,2263768,1003200,1260568,0.443155
62800,2262408,1004800,1257608,0.444129
62900,2266080,1006400,1259680,0.444115
63000,2264856,1008000,1256856,0.445061
63100,2264584,1009600,1254984,0.445821
63200,2263904,1011200,1252704,0.446662
63300,2265808,1012800,1253008,0.446993
63400,2265128,1014400,1250728,0.447833
63500,2265944,1016000,1249944,0.448378
63600,2263904,1017600,1246304,0.449489
63700,2267032,1019200,1247832,0.449575
63800,2269072,1020800,1248272,0.449876
63900,2266080,1022400,1243680,0.451176
64000,2268664,1024000,1244664,0.451367
64100,2273560,1025600,1247960,0.451099
64200,2269752,1027200,1242552,0.452560
64300,2269344,1028800,1240544,0.453347
64400,2268936,1030400,1238536,0.454134
64500,2271656,1032000,1239656,0.454294
64600,2274512,1033600,1240912,0.454427
64700,2269072,1035200,1233872,0.456222
64800,2273152,1036800,1236352,0.456107
64900,2267984,1038400,1229584,0.457852
65000,2273560,1040000,1233560,0.457432
65100,2275872,1041600,1234272,0.457671
65200,2272336,1043200,1229136,0.459087
65300,2273424,1044800,1228624,0.459571
65400,2275056,1046400,1228656,0.459945
65500,2274376,1048000,1226376,0.460786
65600,2274920,1049600,1225320,0.461379
65700,2277912,1051200,1226712,0.461475
65800,2277368,1052800,1224568,0.462288
65900,2278864,1054400,1224464,0.462687
66000,2276960,1056000,1220960,0.463776
66100,2266080,1057600,1208480,0.466709
66200,2275600,1059200,1216400,0.465460
66300,2277096,1060800,1216296,0.465857
66400,2277504,1062400,1215104,0.466476
66500,2280088,1064000,1216088,0.466649
66600,2278728,1065600,1213128,0.467629
66700,2278048,1067200,1210848,0.468471
66800,2279136,1068800,1210336,0.468950
66900,2280224,1070400,1209824,0.469428
67000,2279544,1072000,1207544,0.470269
67100,2282128,1073600,1208528,0.470438
67200,2278048,1075200,1202848,0.471983
67300,2279680,1076800,1202880,0.472347
67400,2281856,1078400,1203456,0.472598
67500,2283624,1080000,1203624,0.472932
67600,2284168,1081600,1202568,0.473520
67700,2279680,1083200,1196480,0.475154
67800,2282944,1084800,1198144,0.475176
67900,2282672,1086400,1196272,0.475933
68000,2281040,1088000,1193040,0.476975
68100,2282672,1089600,1193072,0.477335
68200,2286752,1091200,1195552,0.477183
68300,2284848,1092800,1192048,0.478281
68400,2292600,1094400,1198200,0.477362
68500,2284576,1096000,1188576,0.479739
68600,2289880,1097600,1192280,0.479326
68700,2288384,1099200,1189184,0.480339
68800,2285664,1100800,1184864,0.481611
68900,2291512,1102400,1189112,0.481080
69000,2288928,1104000,1184928,0.482322
69100,2289744,1105600,1184144,0.482849
69200,2290832,1107200,1183632,0.483318
69300,2288520,1108800,1179720,0.484505
69400,2290288,1110400,1179888,0.484830
69500,2294368,1112000,1182368,0.484665
69600,2293824,1113600,1180224,0.485478
69700,2296000,1115200,1180800,0.485714
69800,2293280,1116800,1176480,0.486988
69900,2290968,1118400,1172568,0.488178
70000,2295864,1120000,1175864,0.487834
70100,2296408,1121600,1174808,0.488415
70200,2290288,1123200,1167088,0.490419
70300,2298176,1124800,1173376,0.489432
70400,2295592,1126400,1169192,0.490680
70500,2298992,1128000,1170992,0.490650
70600,2295592,1129600,1165992,0.492074
70700,2295320,1131200,1164120,0.492829
70800,2298720,1132800,1165920,0.492796
70900,2299128,1134400,1164728,0.493404
71000,2299536,1136000,1163536,0.494013
71100,2301032,1137600,1163432,0.494387
71200,2297496,1139200,1158296,0.495844
71300,2301712,1140800,1160912,0.495631
71400,2301032,1142400,1158632,0.496473
71500,2301848,1144000,1157848,0.496992
71600,2300896,1145600,1155296,0.497893
71700,2296272,1147200,1149072,0.499592
71800,2304160,1148800,1155360,0.498576
71900,2305248,1150400,1154848,0.499035
72000,2305112,1152000,1153112,0.499759
72100,2309328,1153600,1155728,0.499539
72200,2306880,1155200,1151680,0.500763
72300,2310144,1156800,1153344,0.500748
72400,2307016,1158400,1148616,0.502120
72500,2304296,1160000,1144296,0.503408
72600,2312456,1161600,1150856,0.502323
72700,2305792,1163200,1142592,0.504469
72800,2309056,1164800,1144256,0.504449
72900,2312320,1166400,1145920,0.504428
73000,2310552,1168000,1142552,0.505507
73100,2314360,1169600,1144760,0.505366
73200,2310144,1171200,1138944,0.506981
73300,2318712,1172800,1145912,0.505798
73400,2316264,1174400,1141864,0.507023
73500,2309736,1176000,1133736,0.509149
73600,2313816,1177600,1136216,0.508943
73700,2318576,1179200,1139376,0.508588
73800,2316536,1180800,1135736,0.509727
73900,2307832,1182400,1125432,0.512342
74000,2319392,1184000,1135392,0.510479
74100,2320072,1185600,1134472,0.511019
74200,2312456,1187200,1125256,0.513394
74300,2320480,1188800,1131680,0.512308
74400,2319528,1190400,1129128,0.513208
74500,2318440,1192000,1126440,0.514139
74600,2324696,1193600,1131096,0.513443
74700,2319800,1195200,1124600,0.515217
74800,2325648,1196800,1128848,0.514609
74900,2322112,1198400,1123712,0.516082
75000,2323472,1200000,1123472,0.516468
75100,2322792,1201600,1121192,0.517308
75200,2326736,1203200,1123536,0.517119
75300,2324696,1204800,1119896,0.518261
75400,2329048,1206400,1122648,0.517980
75500,2330952,1208000,1122952,0.518243
75600,2328912,1209600,1119312,0.519384
75700,2326464,1211200,1115264,0.520618
75800,2332312,1212800,1119512,0.519999
75900,2328368,1214400,1113968,0.521567
76000,2331088,1216000,1115088,0.521645
76100,2329592,1217600,1111992,0.522667
76200,2332584,1219200,1113384,0.522682
76300,2332448,1220800,1111648,0.523399
76400,2333536,1222400,1111136,0.523840
76500,2332448,1224000,1108448,0.524771
76600,2338160,1225600,1112560,0.524173
76700,2338160,1227200,1110960,0.524857
76800,2335440,1228800,1106640,0.526154
76900,2335304,1230400,1104904,0.526869
77000,2333264,1232000,1101264,0.528016
77100,2337344,1233600,1103744,0.527779
77200,2343600,1235200,1108400,0.527052
77300,2344008,1236800,1107208,0.527643
77400,2341288,1238400,1102888,0.528940
77500,2344280,1240000,1104280,0.528947
77600,2345504,1241600,1103904,0.529353
77700,2348360,1243200,1105160,0.529391
77800,2340880,1244800,1096080,0.531766
77900,2343872,1246400,1097472,0.531770
78000,2343464,1248000,1095464,0.532545
78100,2343872,1249600,1094272,0.533135
78200,2342920,1251200,1091720,0.534034
78300,2345776,1252800,1092976,0.534066
78400,2349992,1254400,1095592,0.533789
78500,2351216,1256000,1095216,0.534192
78600,2347680,1257600,1090080,0.535678
78700,2349856,1259200,1090656,0.535863
78800,2355024,1260800,1094224,0.535366
78900,2354480,1262400,1092080,0.536169
79000,2356520,1264000,1092520,0.536384
79100,2357200,1265600,1091600,0.536908
79200,2355296,1267200,1088096,0.538022
79300,2355432,1268800,1086632,0.538670
79400,2350808,1270400,1080408,0.540410
79500,2355432,1272000,1083432,0.540028
79600,2357608,1273600,1084008,0.540209
79700,2351080,1275200,1075880,0.542389
79800,2361280,1276800,1084480,0.540724
79900,2355840,1278400,1077440,0.542651
80000,2362368,1280000,1082368,0.541829
80100,2365088,1281600,1083488,0.541883
80200,2361144,1283200,1077944,0.543465
80300,2359240,1284800,1074440,0.544582
80400,2370800,1286400,1084400,0.542602
80500,2359920,1288000,1071920,0.545781
80600,2365360,1289600,1075760,0.545202
80700,2371208,1291200,1080008,0.544533
80800,2373792,1292800,1080992,0.544614
80900,2367128,1294400,1072728,0.546823
81000,2371616,1296000,1075616,0.546463
81100,2370528,1297600,1072928,0.547389
81200,2371072,1299200,1071872,0.547938
81300,2378688,1300800,1077888,0.546856
81400,2370936,1302400,1068536,0.549319
81500,2366176,1304000,1062176,0.551100
81600,2380184,1305600,1074584,0.548529
81700,2374064,1307200,1066864,0.550617
81800,2377600,1308800,1068800,0.550471
81900,2378824,1310400,1068424,0.550860
82000,2382768,1312000,1070768,0.550620
82100,2380592,1313600,1066992,0.551796
82200,2380456,1315200,1065256,0.552499
82300,2378416,1316800,1061616,0.553646
82400,2379504,1318400,1061104,0.554065
82500,2384400,1320000,1064400,0.553598
82600,2385080,1321600,1063480,0.554111
82700,2391472,1323200,1068272,0.553299
82800,2384400,1324800,1059600,0.555611
82900,2387528,1326400,1061128,0.555554
83000,2385760,1328000,1057760,0.556636
83100,2390792,1329600,1061192,0.556134
83200,2383584,1331200,1052384,0.558487
83300,2397320,1332800,1064520,0.555954
83400,2389840,1334400,1055440,0.558364
83500,2393104,1336000,1057104,0.558271
83600,2390792,1337600,1053192,0.559480
83700,2396776,1339200,1057576,0.558751
83800,2387528,1340800,1046728,0.561585
83900,2396912,1342400,1054512,0.560054
84000,2393648,1344000,1049648,0.561486
84100,2390520,1345600,1044920,0.562890
84200,2394056,1347200,1046856,0.562727
84300,2402216,1348800,1053416,0.561482
84400,2404664,1350400,1054264,0.561575
84500,2404800,1352000,1052800,0.562209
84600,2406840,1353600,1053240,0.562397
84700,2398136,1355200,1042936,0.565106
84800,2401944,1356800,1045144,0.564876
84900,2407384,1358400,1048984,0.564264
85000,2404256,1360000,1044256,0.565664
85100,2408336,1361600,1046736,0.565370
85200,2409832,1363200,1046632,0.565683
85300,2423568,1364800,1058768,0.563137
85400,2414048,1366400,1047648,0.566020
85500,2406704,1368000,1038704,0.568412
85600,2410512,1369600,1040912,0.568178
85700,2413504,1371200,1042304,0.568137
85800,2418128,1372800,1045328,0.567712
85900,2417992,1374400,1043592,0.568406
86000,2419216,1376000,1043216,0.568779
86100,2416768,1377600,1039168,0.570017
86200,2420848,1379200,1041648,0.569718
86300,2416904,1380800,1036104,0.571309
86400,2418264,1382400,1035864,0.571650
86500,2424928,1384000,1040928,0.570739
86600,2423024,1385600,1037424,0.571847
86700,2421528,1387200,1034328,0.572861
86800,2423296,1388800,1034496,0.573104
86900,2419216,1390400,1028816,0.574732
87000,2420848,1392000,1028848,0.575005
87100,2429416,1393600,1035816,0.573636
87200,2429416,1395200,1034216,0.574294
87300,2430640,1396800,1033840,0.574663
87400,2431864,1398400,1033464,0.575032
87500,2430640,1400000,1030640,0.575980
87600,2434040,1401600,1032440,0.575833
87700,2436488,1403200,1033288,0.575911
87800,2437032,1404800,1032232,0.576439
87900,2437712,1406400,1031312,0.576934
88000,2429688,1408000,1021688,0.579498
88100,2442744,1409600,1033144,0.577056
88200,2447640,1411200,1036440,0.576555
88300,2446008,1412800,1033208,0.577594
88400,2443560,1414400,1029160,0.578828
88500,2442336,1416000,1026336,0.579773
88600,2444512,1417600,1026912,0.579911
88700,2439072,1419200,1019872,0.581861
88800,2454032,1420800,1033232,0.578966
88900,2453488,1422400,1031088,0.579746
89000,2448592,1424000,1024592,0.581559
89100,2450632,1425600,1025032,0.581727
89200,2455256,1427200,1028056,0.581284
89300,2450224,1428800,1021424,0.583130
89400,2454440,1430400,1024040,0.582781
89500,2448456,1432000,1016456,0.584858
89600,2450224,1433600,1016624,0.585089
89700,2462736,1435200,1027536,0.582766
89800,2455800,1436800,1019000,0.585064
89900,2460152,1438400,1021752,0.584679
90000,2457976,1440000,1017976,0.585848
90100,2467496,1441600,1025896,0.584236
90200,2461104,1443200,1017904,0.586404
90300,2465184,1444800,1020384,0.586082
90400,2471712,1446400,1025312,0.585181
90500,2461920,1448000,1013920,0.588159
90600,2467088,1449600,1017488,0.587575
90700,2467360,1451200,1016160,0.588159
90800,2471576,1452800,1018776,0.587803
90900,2463552,1454400,1009152,0.590367
91000,2470080,1456000,1014080,0.589455
91100,2474296,1457600,1016696,0.589097
91200,2473344,1459200,1014144,0.589971
91300,2487216,1460800,1026416,0.587323
91400,2477696,1462400,1015296,0.590226
91500,2471576,1464000,1007576,0.592335
91600,2474704,1465600,1009104,0.592232
91700,2479600,1467200,1012400,0.591708
91800,2480416,1468800,1011616,0.592159
91900,2484768,1470400,1014368,0.591766
92000,2477152,1472000,1005152,0.594231
92100,2482048,1473600,1008448,0.593703
92200,2482320,1475200,1007120,0.594283
92300,2485584,1476800,1008784,0.594146
92400,2498640,1478400,1020240,0.591682
92500,2487896,1480000,1007896,0.594880
92600,2486672,1481600,1005072,0.595816
92700,2491024,1483200,1007824,0.595418
92800,2488168,1484800,1003368,0.596744
92900,2499456,1486400,1013056,0.594689
93000,2496736,1488000,1008736,0.595978
93100,2498232,1489600,1008632,0.596262
93200,2495784,1491200,1004584,0.597488
93300,2494016,1492800,1001216,0.598553
93400,2499728,1494400,1005328,0.597825
93500,2501768,1496000,1005768,0.597977
93600,2507752,1497600,1010152,0.597188
93700,2505168,1499200,1005968,0.598443
93800,2505440,1500800,1004640,0.599017
93900,2502720,1502400,1000320,0.600307
94000,2506800,1504000,1002800,0.599968
94100,2505304,1505600,999704,0.600965
94200,2508704,1507200,1001504,0.600788
94300,2503264,1508800,994464,0.602733
94400,2519992,1510400,1009592,0.599367
94500,2523120,1512000,1011120,0.599258
94600,2516456,1513600,1002856,0.601481
94700,2519312,1515200,1004112,0.601434
94800,2518632,1516800,1001832,0.602232
94900,2519312,1518400,1000912,0.602704
95000,2521080,1520000,1001080,0.602916
95100,2524888,1521600,1003288,0.602641
95200,2529104,1523200,1005904,0.602269
95300,2514280,1524800,989480,0.606456
95400,2527744,1526400,1001344,0.603859
95500,2525296,1528000,997296,0.605078
95600,2536040,1529600,1006440,0.603145
95700,2527472,1531200,996272,0.605823
95800,2531824,1532800,999024,0.605413
95900,2534408,1534400,1000008,0.605427
96000,2536448,1536000,1000448,0.605571
96100,2539984,1537600,1002384,0.605358
96200,2533184,1539200,993984,0.607615
96300,2534272,1540800,993472,0.607985
96400,2547192,1542400,1004792,0.605530
96500,2542296,1544000,998296,0.607325
96600,2541208,1545600,995608,0.608215
96700,2536720,1547200,989520,0.609921
96800,2551680,1548800,1002880,0.606973
96900,2545832,1550400,995432,0.608995
97000,2549912,1552000,997912,0.608648
97100,2548552,1553600,994952,0.609601
97200,2548008,1555200,992808,0.610359
97300,2551408,1556800,994608,0.610173
97400,2550728,1558400,992328,0.610963
97500,2553040,1560000,993040,0.611036
97600,2559024,1561600,997424,0.610233
97700,2557120,1563200,993920,0.611313
97800,2559024,1564800,994224,0.611483
97900,2564872,1566400,998472,0.610713
98000,2565688,1568000,997688,0.611142
98100,2560520,1569600,990920,0.613000
98200,2564328,1571200,993128,0.612714
98300,2563648,1572800,990848,0.613501
98400,2571536,1574400,997136,0.612241
98500,2573440,1576000,997440,0.612410
98600,2575888,1577600,998288,0.612449
98700,2568952,1579200,989752,0.614725
98800,2581328,1580800,1000528,0.612398
98900,2574800,1582400,992400,0.614572
99000,2581872,1584000,997872,0.613508
99100,2569360,1585600,983760,0.617119
99200,2579288,1587200,992088,0.615364
99300,2574936,1588800,986136,0.617025
99400,2584728,1590400,994328,0.615307
99500,2585680,1592000,993680,0.615699
99600,2576160,1593600,982560,0.618595
99700,2582688,1595200,987488,0.617651
99800,2590440,1596800,993640,0.616420
99900,2591800,1598400,993400,0.616714
