0,312,0,312,0.000000
100,5328,3200,2128,0.600601
200,9816,6400,3416,0.651997
300,17472,9600,7872,0.549451
400,18792,12800,5992,0.681141
500,34632,16000,18632,0.462000
600,35160,19200,15960,0.546075
700,37800,22400,15400,0.592593
800,40176,25600,14576,0.637196
900,67896,28800,39096,0.424178
1000,69744,32000,37744,0.458821
1100,68688,35200,33488,0.512462
1200,71064,38400,32664,0.540358
1300,73440,41600,31840,0.566449
1400,75024,44800,30224,0.597142
1500,75024,48000,27024,0.639795
1600,80304,51200,29104,0.637577
1700,135480,54400,81080,0.401535
1800,136800,57600,79200,0.421053
1900,137328,60800,76528,0.442736
2000,137856,64000,73856,0.464253
2100,138120,67200,70920,0.486533
2200,140232,70400,69832,0.502025
2300,139968,73600,66368,0.525834
2400,141552,76800,64752,0.542557
2500,142080,80000,62080,0.563063
2600,146832,83200,63632,0.566634
2700,146832,86400,60432,0.588428
2800,144984,89600,55384,0.617999
2900,152112,92800,59312,0.610077
3000,152640,96000,56640,0.628931
3100,156336,99200,57136,0.634531
3200,158976,102400,56576,0.644122
3300,161352,105600,55752,0.654470
3400,271176,108800,162376,0.401215
3500,272232,112000,160232,0.411414
3600,273552,115200,158352,0.421127
3700,273288,118400,154888,0.433243
3800,273552,121600,151952,0.444522
3900,273288,124800,148488,0.456661
4000,275136,128000,147136,0.465224
4100,273816,131200,142616,0.479154
4200,278304,134400,143904,0.482925
4300,279360,137600,141760,0.492554
4400,280152,140800,139352,0.502584
4500,280152,144000,136152,0.514007
4600,280680,147200,133480,0.524441
4700,282528,150400,132128,0.532337
4800,282000,153600,128400,0.544681
4900,283584,156800,126784,0.552923
5000,288336,160000,128336,0.554908
5100,288864,163200,125664,0.564972
5200,288600,166400,122200,0.576577
5300,291768,169600,122168,0.581284
5400,288864,172800,116064,0.598205
5500,298368,176000,122368,0.589876
5600,298896,179200,119696,0.599540
5700,301008,182400,118608,0.605964
5800,301008,185600,115408,0.616595
5900,308400,188800,119600,0.612192
6000,307080,192000,115080,0.625244
6100,310248,195200,115048,0.629174
6200,312888,198400,114488,0.634093
6300,314208,201600,112608,0.641613
6400,319488,204800,114688,0.641026
6500,323976,208000,115976,0.642023
6600,327936,211200,116736,0.644028
6700,540720,214400,326320,0.396508
6800,541248,217600,323648,0.402034
6900,542832,220800,322032,0.406756
7000,544152,224000,320152,0.411650
7100,544680,227200,317480,0.417126
7200,546528,230400,316128,0.421570
7300,546000,233600,312400,0.427839
7400,546528,236800,309728,0.433281
7500,548376,240000,308376,0.437656
7600,548376,243200,305176,0.443491
7700,548376,246400,301976,0.449327
7800,549960,249600,300360,0.453851
7900,552864,252800,300064,0.457255
8000,550488,256000,294488,0.465042
8100,552336,259200,293136,0.469280
8200,552336,262400,289936,0.475073
8300,550224,265600,284624,0.482712
8400,555504,268800,286704,0.483885
8500,556032,272000,284032,0.489180
8600,554712,275200,279512,0.496113
8700,559464,278400,281064,0.497619
8800,557616,281600,276016,0.505007
8900,561576,284800,276776,0.507144
9000,560256,288000,272256,0.514051
9100,559992,291200,268792,0.520007
9200,562104,294400,267704,0.523746
9300,563160,297600,265560,0.528447
9400,563952,300800,263152,0.533379
9500,567120,304000,263120,0.536042
9600,569232,307200,262032,0.539675
9700,572664,310400,262264,0.542028
9800,567384,313600,253784,0.552712
9900,567384,316800,250584,0.558352
10000,573720,320000,253720,0.557763
10100,570816,323200,247616,0.566207
10200,579000,326400,252600,0.563731
10300,582168,329600,252568,0.566160
10400,584544,332800,251744,0.569333
10500,580584,336000,244584,0.578728
10600,583488,339200,244288,0.581332
10700,583224,342400,240824,0.587081
10800,587448,345600,241848,0.588307
10900,588240,348800,239440,0.592955
11000,592200,352000,240200,0.594394
11100,597216,355200,242016,0.594760
11200,598536,358400,240136,0.598794
11300,603288,361600,241688,0.599382
11400,597744,364800,232944,0.610295
11500,601440,368000,233440,0.611865
11600,605664,371200,234464,0.612881
11700,614112,374400,239712,0.609661
11800,611472,377600,233872,0.617526
11900,614640,380800,233840,0.619550
12000,614112,384000,230112,0.625293
12100,618072,387200,230872,0.626464
12200,621504,390400,231104,0.628154
12300,621504,393600,227904,0.633302
12400,624144,396800,227344,0.635751
12500,629952,400000,229952,0.634969
12600,630480,403200,227280,0.639513
12700,633120,406400,226720,0.641900
12800,636024,409600,226424,0.644001
12900,641304,412800,228504,0.643688
13000,644472,416000,228472,0.645490
13100,647112,419200,227912,0.647801
13200,649488,422400,227088,0.650358
13300,652920,425600,227320,0.651841
13400,1082976,428800,654176,0.395946
13500,1083768,432000,651768,0.398609
13600,1085616,435200,650416,0.400878
13700,1083768,438400,645368,0.404515
13800,1086144,441600,644544,0.406576
13900,1085616,444800,640816,0.409721
14000,1085880,448000,637880,0.412569
14100,1087728,451200,636528,0.414810
14200,1090104,454400,635704,0.416841
14300,1091688,457600,634088,0.419167
14400,1093008,460800,632208,0.421589
14500,1091160,464000,627160,0.425236
14600,1092744,467200,625544,0.427548
14700,1091952,470400,621552,0.430788
14800,1091160,473600,617560,0.434034
14900,1093536,476800,616736,0.436017
15000,1094592,480000,614592,0.438520
15100,1097760,483200,614560,0.440169
15200,1096176,486400,609776,0.443724
15300,1094592,489600,604992,0.447290
15400,1096968,492800,604168,0.449238
15500,1096704,496000,600704,0.452264
15600,1097232,499200,598032,0.454963
15700,1098816,502400,596416,0.457219
15800,1103304,505600,597704,0.458260
15900,1101720,508800,592920,0.461823
16000,1095912,512000,583912,0.467191
16100,1101456,515200,586256,0.467745
16200,1101720,518400,583320,0.470537
16300,1105152,521600,583552,0.471971
16400,1103832,524800,579032,0.475435
16500,1104888,528000,576888,0.477876
16600,1104888,531200,573688,0.480773
16700,1105944,534400,571544,0.483207
16800,1106472,537600,568872,0.485869
16900,1109640,540800,568840,0.487365
17000,1108584,544000,564584,0.490716
17100,1112544,547200,565344,0.491846
17200,1111488,550400,561088,0.495192
17300,1112808,553600,559208,0.497480
17400,1113600,556800,556800,0.500000
17500,1116504,560000,556504,0.501566
17600,1111488,563200,548288,0.506708
17700,1111752,566400,545352,0.509466
17800,1118088,569600,548488,0.509441
17900,1118880,572800,546080,0.511941
18000,1124688,576000,548688,0.512142
18100,1119408,579200,540208,0.517416
18200,1120464,582400,538064,0.519785
18300,1125216,585600,539616,0.520433
18400,1126800,588800,538000,0.522542
18500,1124688,592000,532688,0.526368
18600,1123896,595200,528696,0.529586
18700,1128384,598400,529984,0.530316
18800,1136304,601600,534704,0.529436
18900,1135776,604800,530976,0.532499
19000,1131024,608000,523024,0.537566
19100,1135776,611200,524576,0.538134
19200,1137096,614400,522696,0.540324
19300,1136832,617600,519232,0.543264
19400,1136568,620800,515768,0.546206
19500,1142640,624000,518640,0.546104
19600,1143960,627200,516760,0.548271
19700,1143432,630400,513032,0.551323
19800,1141584,633600,507984,0.555018
19900,1143696,636800,506896,0.556791
20000,1147656,640000,507656,0.557658
20100,1147920,643200,504720,0.560318
20200,1149504,646400,503104,0.562329
20300,1152672,649600,503072,0.563560
20400,1153200,652800,500400,0.566077
20500,1158744,656000,502744,0.566130
20600,1155840,659200,496640,0.570321
20700,1157160,662400,494760,0.572436
20800,1166928,665600,501328,0.570387
20900,1168248,668800,499448,0.572481
21000,1164552,672000,492552,0.577046
21100,1167720,675200,492520,0.578221
21200,1172472,678400,494072,0.578607
21300,1166664,681600,485064,0.584230
21400,1173528,684800,488728,0.583540
21500,1171152,688000,483152,0.587456
21600,1172472,691200,481272,0.589524
21700,1181184,694400,486784,0.587885
21800,1178544,697600,480944,0.591917
21900,1176960,700800,476160,0.595432
22000,1190160,704000,486160,0.591517
22100,1184352,707200,477152,0.597120
22200,1185672,710400,475272,0.599154
22300,1189896,713600,476296,0.599716
22400,1192272,716800,475472,0.601205
22500,1197288,720000,477288,0.601359
22600,1195704,723200,472504,0.604832
22700,1196232,726400,469832,0.607240
22800,1197024,729600,467424,0.609512
22900,1208376,732800,475576,0.606434
23000,1207056,736000,471056,0.609748
23100,1209696,739200,470496,0.611063
23200,1208376,742400,465976,0.614378
23300,1219200,745600,473600,0.611549
23400,1214976,748800,466176,0.616308
23500,1216560,752000,464560,0.618136
23600,1220520,755200,465320,0.618753
23700,1226856,758400,468456,0.618165
23800,1224744,761600,463144,0.621844
23900,1222104,764800,457304,0.625806
24000,1228176,768000,460176,0.625318
24100,1225008,771200,453808,0.629547
24200,1223688,774400,449288,0.632841
24300,1242960,777600,465360,0.625603
24400,1242696,780800,461896,0.628311
24500,1239000,784000,455000,0.632768
24600,1242168,787200,454968,0.633731
24700,1258008,790400,467608,0.628295
24800,1258272,793600,464672,0.630706
24900,1258272,796800,461472,0.633249
25000,1253784,800000,453784,0.638068
25100,1268568,803200,465368,0.633155
25200,1270152,806400,463752,0.634885
25300,1261440,809600,451840,0.641806
25400,1266984,812800,454184,0.641523
25500,1267776,816000,451776,0.643647
25600,1282560,819200,463360,0.638723
25700,1278336,822400,455936,0.643336
25800,1276752,825600,451152,0.646641
25900,1281768,828800,452968,0.646607
26000,1284144,832000,452144,0.647902
26100,1288896,835200,453696,0.647996
26200,1291536,838400,453136,0.649150
26300,1287840,841600,446240,0.653497
26400,1298400,844800,453600,0.650647
26500,1305264,848000,457264,0.649677
26600,1309488,851200,458288,0.650025
26700,2162736,854400,1308336,0.395055
26800,2164584,857600,1306984,0.396196
26900,2164320,860800,1303520,0.397723
27000,2166960,864000,1302960,0.398715
27100,2165904,867200,1298704,0.400387
27200,2168016,870400,1297616,0.401473
27300,2168544,873600,1294944,0.402851
27400,2170392,876800,1293592,0.403982
27500,2170128,880000,1290128,0.405506
27600,2170920,883200,1287720,0.406832
27700,2173560,886400,1287160,0.407810
27800,2173032,889600,1283432,0.409382
27900,2173560,892800,1280760,0.410755
28000,2174088,896000,1278088,0.412127
28100,2177520,899200,1278320,0.412947
28200,2177784,902400,1275384,0.414366
28300,2182008,905600,1276408,0.415031
28400,2183064,908800,1274264,0.416296
28500,2179368,912000,1267368,0.418470
28600,2179632,915200,1264432,0.419887
28700,2182536,918400,1264136,0.420795
28800,2180160,921600,1258560,0.422721
28900,2180424,924800,1255624,0.424138
29000,2182008,928000,1254008,0.425296
29100,2183328,931200,1252128,0.426505
29200,2188608,934400,1254208,0.426938
29300,2183592,937600,1245992,0.429384
29400,2185968,940800,1245168,0.430381
29500,2187552,944000,1243552,0.431533
29600,2186496,947200,1239296,0.433205
29700,2188608,950400,1238208,0.434249
29800,2188344,953600,1234744,0.435763
29900,2188872,956800,1232072,0.437120
30000,2192832,960000,1232832,0.437790
30100,2191248,963200,1228048,0.439567
30200,2193624,966400,1227224,0.440550
30300,2193096,969600,1223496,0.442115
30400,2193360,972800,1220560,0.443520
30500,2194680,976000,1218680,0.444712
30600,2191512,979200,1212312,0.446815
30700,2194944,982400,1212544,0.447574
30800,2191512,985600,1205912,0.449735
30900,2198904,988800,1210104,0.449679
31000,2196000,992000,1204000,0.451730
31100,2193624,995200,1198424,0.453678
31200,2197320,998400,1198920,0.454372
31300,2193096,1001600,1191496,0.456706
31400,2200752,1004800,1195952,0.456571
31500,2203128,1008000,1195128,0.457531
31600,2204184,1011200,1192984,0.458764
31700,2205504,1014400,1191104,0.459940
31800,2199168,1017600,1181568,0.462720
31900,2200752,1020800,1179952,0.463841
32000,2202864,1024000,1178864,0.464849
32100,2201016,1027200,1173816,0.466694
32200,2211312,1030400,1180912,0.465968
32300,2202600,1033600,1169000,0.469264
32400,2204448,1036800,1167648,0.470322
32500,2202072,1040000,1162072,0.472282
32600,2206824,1043200,1163624,0.472716
32700,2208936,1046400,1162536,0.473712
32800,2210784,1049600,1161184,0.474764
32900,2212896,1052800,1160096,0.475757
33000,2206560,1056000,1150560,0.478573
33100,2211840,1059200,1152640,0.478877
33200,2217120,1062400,1154720,0.479180
33300,2212896,1065600,1147296,0.481541
33400,2214744,1068800,1145944,0.482584
33500,2223720,1072000,1151720,0.482075
33600,2210784,1075200,1135584,0.486343
33700,2218176,1078400,1139776,0.486165
33800,2215008,1081600,1133408,0.488305
33900,2220552,1084800,1135752,0.488527
34000,2223192,1088000,1135192,0.489386
34100,2218440,1091200,1127240,0.491877
34200,2218176,1094400,1123776,0.493378
34300,2220288,1097600,1122688,0.494350
34400,2214744,1100800,1113944,0.497033
34500,2229792,1104000,1125792,0.495113
34600,2224248,1107200,1117048,0.497786
34700,2226888,1110400,1116488,0.498633
34800,2225304,1113600,1111704,0.500426
34900,2231640,1116800,1114840,0.500439
35000,2226096,1120000,1106096,0.503123
35100,2227944,1123200,1104744,0.504142
35200,2232168,1126400,1105768,0.504622
35300,2229264,1129600,1099664,0.506714
35400,2238240,1132800,1105440,0.506112
35500,2235864,1136000,1099864,0.508081
35600,2240088,1139200,1100888,0.508551
35700,2239032,1142400,1096632,0.510220
35800,2233752,1145600,1088152,0.512859
35900,2237184,1148800,1088384,0.513503
36000,2233488,1152000,1081488,0.515785
36100,2237184,1155200,1081984,0.516363
36200,2237184,1158400,1078784,0.517794
36300,2242464,1161600,1080864,0.518002
36400,2244312,1164800,1079512,0.519001
36500,2247480,1168000,1079480,0.519693
36600,2250912,1171200,1079712,0.520322
36700,2248536,1174400,1074136,0.522295
36800,2247216,1177600,1069616,0.524026
36900,2254080,1180800,1073280,0.523850
37000,2254872,1184000,1070872,0.525085
37100,2246424,1187200,1059224,0.528484
37200,2251176,1190400,1060776,0.528790
37300,2252496,1193600,1058896,0.529901
37400,2259888,1196800,1063088,0.529584
37500,2262264,1200000,1062264,0.530442
37600,2261208,1203200,1058008,0.532105
37700,2255400,1206400,1049000,0.534894
37800,2253552,1209600,1043952,0.536753
37900,2267016,1212800,1054216,0.534976
38000,2268864,1216000,1052864,0.535951
38100,2267016,1219200,1047816,0.537799
38200,2265432,1222400,1043032,0.539588
38300,2269128,1225600,1043528,0.540119
38400,2271240,1228800,1042440,0.541026
38500,2268072,1232000,1036072,0.543193
38600,2270184,1235200,1034984,0.544097
38700,2277312,1238400,1038912,0.543799
38800,2278368,1241600,1036768,0.544951
38900,2277840,1244800,1033040,0.546483
39000,2280480,1248000,1032480,0.547253
39100,2277312,1251200,1026112,0.549420
39200,2284440,1254400,1030040,0.549106
39300,2283912,1257600,1026312,0.550634
39400,2290776,1260800,1029976,0.550381
39500,2277576,1264000,1013576,0.554976
39600,2285496,1267200,1018296,0.554453
39700,2302392,1270400,1031992,0.551774
39800,2294736,1273600,1021136,0.555009
39900,2285232,1276800,1008432,0.558718
40000,2296848,1280000,1016848,0.557285
40100,2300808,1283200,1017608,0.557717
40200,2302656,1286400,1016256,0.558659
40300,2299488,1289600,1009888,0.560820
40400,2296848,1292800,1004048,0.562858
40500,2302656,1296000,1006656,0.562828
40600,2299752,1299200,1000552,0.564930
40700,2304768,1302400,1002368,0.565089
40800,2301864,1305600,996264,0.567193
40900,2313216,1308800,1004416,0.565792
41000,2325096,1312000,1013096,0.564278
41100,2318760,1315200,1003560,0.567200
41200,2313744,1318400,995344,0.569812
41300,2322720,1321600,1001120,0.568988
41400,2315856,1324800,991056,0.572056
41500,2312952,1328000,984952,0.574158
41600,2316648,1331200,985448,0.574623
41700,2326944,1334400,992544,0.573456
41800,2325096,1337600,987496,0.575288
41900,2326680,1340800,985880,0.576272
42000,2331432,1344000,987432,0.576470
42100,2325096,1347200,977896,0.579417
42200,2333280,1350400,982880,0.578756
42300,2337768,1353600,984168,0.579014
42400,2336712,1356800,979912,0.580645
42500,2334600,1360000,974600,0.582541
42600,2346744,1363200,983544,0.580890
42700,2345952,1366400,979552,0.582450
42800,2347536,1369600,977936,0.583420
42900,2338560,1372800,965760,0.587028
43000,2356512,1376000,980512,0.583914
43100,2358360,1379200,979160,0.584813
43200,2343048,1382400,960648,0.590001
43300,2360736,1385600,975136,0.586936
43400,2355192,1388800,966392,0.589676
43500,2347536,1392000,955536,0.592962
43600,2354136,1395200,958936,0.592659
43700,2365488,1398400,967088,0.591168
43800,2358888,1401600,957288,0.594178
43900,2364168,1404800,959368,0.594205
44000,2366280,1408000,958280,0.595027
44100,2372616,1411200,961416,0.594787
44200,2364696,1414400,950296,0.598132
44300,2371560,1417600,953960,0.597750
44400,2376840,1420800,956040,0.597768
44500,2377368,1424000,953368,0.598982
44600,2377632,1427200,950432,0.600261
44700,2392416,1430400,962016,0.597889
44800,2378424,1433600,944824,0.602752
44900,2385552,1436800,948752,0.602292
45000,2381856,1440000,941856,0.604571
45100,2388456,1443200,945256,0.604240
45200,2394000,1446400,947600,0.604177
45300,2405880,1449600,956280,0.602524
45400,2402976,1452800,950176,0.604584
45500,2392152,1456000,936152,0.608657
45600,2408784,1459200,949584,0.605783
45700,2411688,1462400,949288,0.606380
45800,2408784,1465600,943184,0.608440
45900,2419608,1468800,950808,0.607040
46000,2416968,1472000,944968,0.609028
46100,2426208,1475200,951008,0.608027
46200,2427792,1478400,949392,0.608948
46300,2404296,1481600,922696,0.616230
46400,2425152,1484800,940352,0.612250
46500,2422248,1488000,934248,0.614305
46600,2426736,1491200,935536,0.614488
46700,2421456,1494400,927056,0.617149
46800,2429112,1497600,931512,0.616522
46900,2441256,1500800,940456,0.614766
47000,2440200,1504000,936200,0.616343
47100,2431224,1507200,924024,0.619935
47200,2450496,1510400,940096,0.616365
47300,2428848,1513600,915248,0.623176
47400,2436240,1516800,919440,0.622599
47500,2455776,1520000,935776,0.618949
47600,2453400,1523200,930200,0.620853
47700,2454192,1526400,927792,0.621956
47800,2456040,1529600,926440,0.622791
47900,2465280,1532800,932480,0.621755
48000,2460000,1536000,924000,0.624390
48100,2464488,1539200,925288,0.624552
48200,2465808,1542400,923408,0.625515
48300,2477424,1545600,931824,0.623874
48400,2470032,1548800,921232,0.627036
48500,2473464,1552000,921464,0.627460
48600,2479272,1555200,924072,0.627281
48700,2473200,1558400,914800,0.630115
48800,2488512,1561600,926912,0.627524
48900,2485080,1564800,920280,0.629678
49000,2495904,1568000,927904,0.628229
49100,2493000,1571200,921800,0.630245
49200,2500392,1574400,925992,0.629661
49300,2498544,1577600,920944,0.631408
49400,2503032,1580800,922232,0.631554
49500,2499072,1584000,915072,0.633835
49600,2498280,1587200,911080,0.635317
49700,2513328,1590400,922928,0.632786
49800,2512272,1593600,918672,0.634326
49900,2506728,1596800,909928,0.637006
50000,2527848,1600000,927848,0.632949
50100,2522568,1603200,919368,0.635543
50200,2526264,1606400,919864,0.635880
50300,2523624,1609600,914024,0.637813
50400,2535240,1612800,922440,0.636153
50500,2545008,1616000,929008,0.634969
50600,2532336,1619200,913136,0.639410
50700,2542632,1622400,920232,0.638079
50800,2541840,1625600,916240,0.639537
50900,2534712,1628800,905912,0.642598
51000,2542104,1632000,910104,0.641988
51100,2533392,1635200,898192,0.645459
51200,2553720,1638400,915320,0.641574
51300,2546856,1641600,905256,0.644559
51400,2560320,1644800,915520,0.642420
51500,2557944,1648000,909944,0.644267
51600,2568240,1651200,917040,0.642931
51700,2574312,1654400,919912,0.642657
51800,2582496,1657600,924896,0.641860
51900,2578008,1660800,917208,0.644218
52000,2575368,1664000,911368,0.646121
52100,2595432,1667200,928232,0.642359
52200,2593320,1670400,922920,0.644116
52300,2598336,1673600,924736,0.644105
52400,2589360,1676800,912560,0.647573
52500,2593848,1680000,913848,0.647686
52600,2596224,1683200,913024,0.648326
52700,2598072,1686400,911672,0.649097
52800,2608632,1689600,919032,0.647696
52900,2595696,1692800,902896,0.652156
53000,2613648,1696000,917648,0.648901
53100,2607840,1699200,908640,0.651574
53200,2600976,1702400,898576,0.654524
53300,4326216,1705600,2620616,0.394248
53400,4328328,1708800,2619528,0.394794
53500,4328328,1712000,2616328,0.395534
53600,4327536,1715200,2612336,0.396346
53700,4328328,1718400,2609928,0.397012
53800,4332552,1721600,2610952,0.397364
53900,4331760,1724800,2606960,0.398175
54000,4335720,1728000,2607720,0.398550
54100,4331496,1731200,2600296,0.399677
54200,4332288,1734400,2597888,0.400343
54300,4337304,1737600,2599704,0.400618
54400,4336512,1740800,2595712,0.401429
54500,4337304,1744000,2593304,0.402093
54600,4337304,1747200,2590104,0.402831
54700,4340208,1750400,2589808,0.403299
54800,4341264,1753600,2587664,0.403938
54900,4338360,1756800,2581560,0.404946
55000,4344960,1760000,2584960,0.405067
55100,4343112,1763200,2579912,0.405976
55200,4343640,1766400,2577240,0.406664
55300,4341528,1769600,2571928,0.407598
55400,4347072,1772800,2574272,0.407815
55500,4350240,1776000,2574240,0.408253
55600,4348656,1779200,2569456,0.409138
55700,4348128,1782400,2565728,0.409924
55800,4347336,1785600,2561736,0.410734
55900,4350504,1788800,2561704,0.411171
56000,4353936,1792000,2561936,0.411582
56100,4351824,1795200,2556624,0.412517
56200,4352352,1798400,2553952,0.413202
56300,4352352,1801600,2550752,0.413937
56400,4353672,1804800,2548872,0.414547
56500,4354728,1808000,2546728,0.415181
56600,4354728,1811200,2543528,0.415916
56700,4357896,1814400,2543496,0.416348
56800,4360008,1817600,2542408,0.416880
56900,4355520,1820800,2534720,0.418044
57000,4359744,1824000,2535744,0.418373
57100,4362912,1827200,2535712,0.418803
57200,4361592,1830400,2531192,0.419663
57300,4365552,1833600,2531952,0.420016
57400,4361328,1836800,2524528,0.421156
57500,4364496,1840000,2524496,0.421584
57600,4361328,1843200,2518128,0.422624
57700,4365552,1846400,2519152,0.422948
57800,4362648,1849600,2513048,0.423963
57900,4366344,1852800,2513544,0.424337
58000,4365816,1856000,2509816,0.425121
58100,4366872,1859200,2507672,0.425751
58200,4367928,1862400,2505528,0.426381
58300,4373472,1865600,2507872,0.426572
58400,4374528,1868800,2505728,0.427200
58500,4364496,1872000,2492496,0.428916
58600,4373736,1875200,2498536,0.428741
58700,4371624,1878400,2493224,0.429680
58800,4375848,1881600,2494248,0.429997
58900,4375584,1884800,2490784,0.430754
59000,4375320,1888000,2487320,0.431511
59100,4375320,1891200,2484120,0.432243
59200,4382448,1894400,2488048,0.432270
59300,4379016,1897600,2481416,0.433339
59400,4372680,1900800,2471880,0.434699
59500,4376112,1904000,2472112,0.435089
59600,4377960,1907200,2470760,0.435637
59700,4377960,1910400,2467560,0.436368
59800,4378752,1913600,2465152,0.437019
59900,4380864,1916800,2464064,0.437539
60000,4386672,1920000,2466672,0.437689
60100,4384560,1923200,2461360,0.438630
60200,4380336,1926400,2453936,0.439784
60300,4386408,1929600,2456808,0.439904
60400,4386144,1932800,2453344,0.440660
60500,4385880,1936000,2449880,0.441417
60600,4387992,1939200,2448792,0.441933
60700,4382448,1942400,2440048,0.443223
60800,4383504,1945600,2437904,0.443846
60900,4387464,1948800,2438664,0.444175
61000,4380072,1952000,2428072,0.445655
61100,4388520,1955200,2433320,0.445526
61200,4388256,1958400,2429856,0.446282
61300,4385088,1961600,2423488,0.447334
61400,4386936,1964800,2422136,0.447875
61500,4390104,1968000,2422104,0.448281
61600,4384824,1971200,2413624,0.449551
61700,4392480,1974400,2418080,0.449496
61800,4389048,1977600,2411448,0.450576
61900,4392744,1980800,2411944,0.450925
62000,4394592,1984000,2410592,0.451464
62100,4389576,1987200,2402376,0.452709
62200,4393800,1990400,2403400,0.453002
62300,4392744,1993600,2399144,0.453839
62400,4397232,1996800,2400432,0.454104
62500,4400664,2000000,2400664,0.454477
62600,4401720,2003200,2398520,0.455095
62700,4405152,2006400,2398752,0.455467
62800,4395384,2009600,2385784,0.457207
62900,4409112,2012800,2396312,0.456509
63000,4401720,2016000,2385720,0.458003
63100,4401456,2019200,2382256,0.458757
63200,4396704,2022400,2374304,0.459981
63300,4397760,2025600,2372160,0.460598
63400,4396968,2028800,2368168,0.461409
63500,4406208,2032000,2374208,0.461168
63600,4405152,2035200,2369952,0.462004
63700,4403040,2038400,2364640,0.462953
63800,4397760,2041600,2356160,0.464236
63900,4406736,2044800,2361936,0.464017
64000,4408848,2048000,2360848,0.464520
64100,4410168,2051200,2358968,0.465107
64200,4410432,2054400,2356032,0.465805
64300,4417824,2057600,2360224,0.465750
64400,4420464,2060800,2359664,0.466195
64500,4412280,2064000,2348280,0.467785
64600,4415712,2067200,2348512,0.468146
64700,4404360,2070400,2333960,0.470080
64800,4428384,2073600,2354784,0.468252
64900,4414128,2076800,2337328,0.470489
65000,4415976,2080000,2335976,0.471017
65100,4411224,2083200,2328024,0.472250
65200,4404624,2086400,2318224,0.473684
65300,4414128,2089600,2324528,0.473389
65400,4420728,2092800,2327928,0.473406
65500,4419672,2096000,2323672,0.474243
65600,4412016,2099200,2312816,0.475792
65700,4418088,2102400,2315688,0.475862
65800,4415712,2105600,2310112,0.476843
65900,4426536,2108800,2317736,0.476400
66000,4419144,2112000,2307144,0.477921
66100,4419144,2115200,2303944,0.478645
66200,4419408,2118400,2301008,0.479340
66300,4426536,2121600,2304936,0.479291
66400,4433136,2124800,2308336,0.479300
66500,4426272,2128000,2298272,0.480766
66600,4429968,2131200,2298768,0.481087
66700,4435248,2134400,2300848,0.481236
66800,4434984,2137600,2297384,0.481986
66900,4431288,2140800,2290488,0.483110
67000,4426800,2144000,2282800,0.484323
67100,4426272,2147200,2279072,0.485103
67200,4422840,2150400,2272440,0.486203
67300,4433664,2153600,2280064,0.485738
67400,4430496,2156800,2273696,0.486808
67500,4433664,2160000,2273664,0.487182
67600,4426800,2163200,2263600,0.488660
67700,4442904,2166400,2276504,0.487609
67800,4436568,2169600,2266968,0.489027
67900,4434192,2172800,2261392,0.490010
68000,4443168,2176000,2267168,0.489741
68100,4435776,2179200,2256576,0.491278
68200,4440000,2182400,2257600,0.491532
68300,4438680,2185600,2253080,0.492399
68400,4440528,2188800,2251728,0.492914
68500,4440000,2192000,2248000,0.493694
68600,4444752,2195200,2249552,0.493886
68700,4448448,2198400,2250048,0.494195
68800,4449240,2201600,2247640,0.494826
68900,4444224,2204800,2239424,0.496105
69000,4450296,2208000,2242296,0.496147
69100,4447920,2211200,2236720,0.497131
69200,4449768,2214400,2235368,0.497644
69300,4446072,2217600,2228472,0.498777
69400,4453464,2220800,2232664,0.498668
69500,4445808,2224000,2221808,0.500247
69600,4456104,2227200,2228904,0.499809
69700,4462176,2230400,2231776,0.499846
69800,4452672,2233600,2219072,0.501631
69900,4453464,2236800,2216664,0.502261
70000,4461384,2240000,2221384,0.502086
70100,4458744,2243200,2215544,0.503101
70200,4459008,2246400,2212608,0.503789
70300,4464288,2249600,2214688,0.503910
70400,4457424,2252800,2204624,0.505404
70500,4458744,2256000,2202744,0.505972
70600,4464288,2259200,2205088,0.506061
70700,4460856,2262400,2198456,0.507167
70800,4462704,2265600,2197104,0.507674
70900,4474320,2268800,2205520,0.507071
71000,4474056,2272000,2202056,0.507817
71100,4467984,2275200,2192784,0.509223
71200,4471416,2278400,2193016,0.509548
71300,4467192,2281600,2185592,0.510746
71400,4465080,2284800,2180280,0.511704
71500,4468776,2288000,2180776,0.511997
71600,4475376,2291200,2184176,0.511957
71700,4476168,2294400,2181768,0.512581
71800,4481448,2297600,2183848,0.512691
71900,4473528,2300800,2172728,0.514314
72000,4468512,2304000,2164512,0.515608
72100,4479864,2307200,2172664,0.515016
72200,4490952,2310400,2180552,0.514457
72300,4488312,2313600,2174712,0.515472
72400,4479600,2316800,2162800,0.517189
72500,4489632,2320000,2169632,0.516746
72600,4490688,2323200,2167488,0.517337
72700,4480920,2326400,2154520,0.519179
72800,4490688,2329600,2161088,0.518762
72900,4494648,2332800,2161848,0.519017
73000,4481712,2336000,2145712,0.521229
73100,4490160,2339200,2150960,0.520961
73200,4490160,2342400,2147760,0.521674
73300,4494120,2345600,2148520,0.521926
73400,4494120,2348800,2145320,0.522638
73500,4494384,2352000,2142384,0.523320
73600,4493328,2355200,2138128,0.524155
73700,4494912,2358400,2136512,0.524682
73800,4509960,2361600,2148360,0.523641
73900,4506000,2364800,2141200,0.524811
74000,4496760,2368000,2128760,0.526601
74100,4503624,2371200,2132424,0.526509
74200,4505208,2374400,2130808,0.527034
74300,4518936,2377600,2141336,0.526142
74400,4508376,2380800,2127576,0.528084
74500,4512336,2384000,2128336,0.528329
74600,4496232,2387200,2109032,0.530933
74700,4509696,2390400,2119296,0.530058
74800,4497816,2393600,2104216,0.532169
74900,4516296,2396800,2119496,0.530700
75000,4520256,2400000,2120256,0.530943
75100,4512072,2403200,2108872,0.532616
75200,4526856,2406400,2120456,0.531583
75300,4523160,2409600,2113560,0.532725
75400,4519200,2412800,2106400,0.533900
75500,4520520,2416000,2104520,0.534452
75600,4519728,2419200,2100528,0.535253
75700,4516560,2422400,2094160,0.536337
75800,4525008,2425600,2099408,0.536043
75900,4533984,2428800,2105184,0.535688
76000,4538736,2432000,2106736,0.535832
76100,4523952,2435200,2088752,0.538290
76200,4528440,2438400,2090040,0.538464
76300,4532664,2441600,2091064,0.538668
76400,4534248,2444800,2089448,0.539185
76500,4535304,2448000,2087304,0.539765
76600,4531344,2451200,2080144,0.540943
76700,4539528,2454400,2085128,0.540673
76800,4536888,2457600,2079288,0.541693
76900,4536096,2460800,2075296,0.542493
77000,4537152,2464000,2073152,0.543072
77100,4553784,2467200,2086584,0.541791
77200,4538736,2470400,2068336,0.544293
77300,4534512,2473600,2060912,0.545505
77400,4544808,2476800,2068008,0.544974
77500,4555104,2480000,2075104,0.544444
77600,4548240,2483200,2065040,0.545969
77700,4554576,2486400,2068176,0.545913
77800,4557480,2489600,2067880,0.546267
77900,4559064,2492800,2066264,0.546779
78000,4549296,2496000,2053296,0.548656
78100,4555632,2499200,2056432,0.548596
78200,4563024,2502400,2060624,0.548408
78300,4551936,2505600,2046336,0.550447
78400,4567512,2508800,2058712,0.549271
78500,4563552,2512000,2051552,0.550448
78600,4565136,2515200,2049936,0.550958
78700,4565136,2518400,2046736,0.551659
78800,4569624,2521600,2048024,0.551818
78900,4579656,2524800,2054856,0.551308
79000,4571736,2528000,2043736,0.552963
79100,4568568,2531200,2037368,0.554047
79200,4588896,2534400,2054496,0.552290
79300,4572792,2537600,2035192,0.554934
79400,4580184,2540800,2039384,0.554738
79500,4588896,2544000,2044896,0.554382
79600,4585464,2547200,2038264,0.555494
79700,4579920,2550400,2029520,0.556866
79800,4574112,2553600,2020512,0.558272
79900,4594440,2556800,2037640,0.556499
80000,4575960,2560000,2015960,0.559445
80100,4580448,2563200,2017248,0.559596
80200,4600248,2566400,2033848,0.557883
80300,4582560,2569600,2012960,0.560735
80400,4591272,2572800,2018472,0.560368
80500,4595496,2576000,2019496,0.560549
80600,4599456,2579200,2020256,0.560762
80700,4598400,2582400,2016000,0.561587
80800,4590216,2585600,2004616,0.563285
80900,4600512,2588800,2011712,0.562720
81000,4602624,2592000,2010624,0.563157
81100,4621896,2595200,2026696,0.561501
81200,4603680,2598400,2005280,0.564418
81300,4616616,2601600,2015016,0.563530
81400,4609224,2604800,2004424,0.565128
81500,4612392,2608000,2004392,0.565433
81600,4611864,2611200,2000664,0.566192
81700,4614768,2614400,2000368,0.566529
81800,4613976,2617600,1996376,0.567320
81900,4612392,2620800,1991592,0.568208
82000,4629024,2624000,2005024,0.566858
82100,4615032,2627200,1987832,0.569270
82200,4612920,2630400,1982520,0.570224
82300,4634040,2633600,2000440,0.568316
82400,4623480,2636800,1986680,0.570306
82500,4630344,2640000,1990344,0.570152
82600,4630344,2643200,1987144,0.570843
82700,4631400,2646400,1985000,0.571404
82800,4647768,2649600,1998168,0.570080
82900,4638264,2652800,1985464,0.571938
83000,4625328,2656000,1969328,0.574230
83100,4654896,2659200,1995696,0.571269
83200,4626384,2662400,1963984,0.575482
83300,4633776,2665600,1968176,0.575254
83400,4654368,2668800,1985568,0.573397
83500,4649616,2672000,1977616,0.574671
83600,4655688,2675200,1980488,0.574609
83700,4640112,2678400,1961712,0.577227
83800,4658064,2681600,1976464,0.575690
83900,4658328,2684800,1973528,0.576344
84000,4650408,2688000,1962408,0.578014
84100,4669944,2691200,1978744,0.576281
84200,4661760,2694400,1967360,0.577979
84300,4664664,2697600,1967064,0.578305
84400,4657272,2700800,1956472,0.579910
84500,4673376,2704000,1969376,0.578597
84600,4682616,2707200,1975416,0.578138
84700,4672848,2710400,1962448,0.580032
84800,4671528,2713600,1957928,0.580881
84900,4680768,2716800,1963968,0.580418
85000,4678128,2720000,1958128,0.581429
85100,4659384,2723200,1936184,0.584455
85200,4684728,2726400,1958328,0.581976
85300,4686312,2729600,1956712,0.582462
85400,4681560,2732800,1948760,0.583737
85500,4701624,2736000,1965624,0.581927
85600,4690272,2739200,1951072,0.584017
85700,4686576,2742400,1944176,0.585161
85800,4698456,2745600,1952856,0.584362
85900,4696872,2748800,1948072,0.585241
86000,4690272,2752000,1938272,0.586746
86100,4694760,2755200,1939560,0.586867
86200,4687896,2758400,1929496,0.588409
86300,4700304,2761600,1938704,0.587536
86400,4704792,2764800,1939992,0.587656
86500,4713504,2768000,1945504,0.587249
86600,4712712,2771200,1941512,0.588027
86700,4706640,2774400,1932240,0.589465
86800,4713240,2777600,1935640,0.589319
86900,4714824,2780800,1934024,0.589799
87000,4716144,2784000,1932144,0.590313
87100,4727760,2787200,1940560,0.589539
87200,4729080,2790400,1938680,0.590051
87300,4722744,2793600,1929144,0.591521
87400,4725912,2796800,1929112,0.591801
87500,4725120,2800000,1925120,0.592578
87600,4722744,2803200,1919544,0.593553
87700,4724328,2806400,1917928,0.594032
87800,4736736,2809600,1927136,0.593151
87900,4740696,2812800,1927896,0.593331
88000,4723800,2816000,1907800,0.596130
88100,4735944,2819200,1916744,0.595277
88200,4743864,2822400,1921464,0.594958
88300,4742544,2825600,1916944,0.595798
88400,4744392,2828800,1915592,0.596241
88500,4750200,2832000,1918200,0.596185
88600,4753632,2835200,1918432,0.596428
88700,4750992,2838400,1912592,0.597433
88800,4744128,2841600,1902528,0.598972
88900,4760232,2844800,1915432,0.597618
89000,4752048,2848000,1904048,0.599321
89100,4743600,2851200,1892400,0.601062
89200,4756536,2854400,1902136,0.600101
89300,4772376,2857600,1914776,0.598779
89400,4762608,2860800,1901808,0.600679
89500,4767360,2864000,1903360,0.600752
89600,4758912,2867200,1891712,0.602491
89700,4783200,2870400,1912800,0.600100
89800,4776336,2873600,1902736,0.601633
89900,4785576,2876800,1908776,0.601140
90000,4782672,2880000,1902672,0.602174
90100,4780824,2883200,1897624,0.603076
90200,4776864,2886400,1890464,0.604246
90300,4793496,2889600,1903896,0.602817
90400,4783728,2892800,1890928,0.604717
90500,4786632,2896000,1890632,0.605018
90600,4782144,2899200,1882944,0.606255
90700,4800888,2902400,1898488,0.604555
90800,4797720,2905600,1892120,0.605621
90900,4796136,2908800,1887336,0.606488
91000,4801152,2912000,1889152,0.606521
91100,4813296,2915200,1898096,0.605656
91200,4809072,2918400,1890672,0.606853
91300,4814880,2921600,1893280,0.606786
91400,4824384,2924800,1899584,0.606254
91500,4795872,2928000,1867872,0.610525
91600,4813296,2931200,1882096,0.608980
91700,4811184,2934400,1876784,0.609912
91800,4816728,2937600,1879128,0.609875
91900,4813296,2940800,1872496,0.610974
92000,4814088,2944000,1870088,0.611538
92100,4836000,2947200,1888800,0.609429
92200,4847880,2950400,1897480,0.608596
92300,4828080,2953600,1874480,0.611755
92400,4841808,2956800,1885008,0.610681
92500,4860816,2960000,1900816,0.608951
92600,4832040,2963200,1868840,0.613240
92700,4859232,2966400,1892832,0.610467
92800,4844448,2969600,1874848,0.612990
92900,4855008,2972800,1882208,0.612316
93000,4855272,2976000,1879272,0.612942
93100,4843392,2979200,1864192,0.615106
93200,4868736,2982400,1886336,0.612561
93300,4861080,2985600,1875480,0.614185
93400,4861608,2988800,1872808,0.614776
93500,4863720,2992000,1871720,0.615167
93600,4855008,2995200,1859808,0.616930
93700,4872432,2998400,1874032,0.615381
93800,4872432,3001600,1870832,0.616037
93900,4870056,3004800,1865256,0.616995
94000,4877976,3008000,1869976,0.616649
94100,4874280,3011200,1863080,0.617773
94200,4874016,3014400,1859616,0.618463
94300,4877184,3017600,1859584,0.618718
94400,4877184,3020800,1856384,0.619374
94500,4879560,3024000,1855560,0.619728
94600,4901208,3027200,1874008,0.617644
94700,4882728,3030400,1852328,0.620637
94800,4892496,3033600,1858896,0.620052
94900,4896456,3036800,1859656,0.620204
95000,4906488,3040000,1866488,0.619588
95100,4899624,3043200,1856424,0.621109
95200,4893816,3046400,1847416,0.622500
95300,4919424,3049600,1869824,0.619910
95400,4914144,3052800,1861344,0.621227
95500,4912032,3056000,1856032,0.622146
95600,4904112,3059200,1844912,0.623803
95700,4917312,3062400,1854912,0.622779
95800,4931832,3065600,1866232,0.621595
95900,4924176,3068800,1855376,0.623211
96000,4923912,3072000,1851912,0.623894
96100,4936320,3075200,1861120,0.622974
96200,4924968,3078400,1846568,0.625060
96300,4932360,3081600,1850760,0.624772
96400,4935000,3084800,1850200,0.625086
96500,4923120,3088000,1835120,0.627245
96600,4918632,3091200,1827432,0.628467
96700,4952952,3094400,1858552,0.624759
96800,4951896,3097600,1854296,0.625538
96900,4955328,3100800,1854528,0.625751
97000,4945032,3104000,1841032,0.627701
97100,4947408,3107200,1840208,0.628046
97200,4954536,3110400,1844136,0.627788
97300,4959288,3113600,1845688,0.627832
97400,4973280,3116800,1856480,0.626709
97500,4951368,3120000,1831368,0.630129
97600,4968792,3123200,1845592,0.628563
97700,4972224,3126400,1845824,0.628773
97800,4978824,3129600,1849224,0.628582
97900,4971168,3132800,1838368,0.630194
98000,4980408,3136000,1844408,0.629667
98100,4974600,3139200,1835400,0.631046
98200,4970376,3142400,1827976,0.632226
98300,4973280,3145600,1827680,0.632500
98400,4988856,3148800,1840056,0.631167
98500,4988592,3152000,1836592,0.631842
98600,4975128,3155200,1819928,0.634195
98700,5002320,3158400,1843920,0.631387
98800,5005752,3161600,1844152,0.631593
98900,5002320,3164800,1837520,0.632666
99000,5014728,3168000,1846728,0.631739
99100,5009712,3171200,1838512,0.633010
99200,5025816,3174400,1851416,0.631619
99300,5010504,3177600,1832904,0.634188
99400,5028720,3180800,1847920,0.632527
99500,5016312,3184000,1832312,0.634729
99600,5020536,3187200,1833336,0.634833
99700,5028192,3190400,1837792,0.634502
99800,5031096,3193600,1837496,0.634772
99900,5043240,3196800,1846440,0.633878
